"chunk_id","relevance_score","titel","datum","jahrgang","ausgabe","autoren","schlagworte","untertitel","url","nr_in_issue","time_window","content_preview","content_length","full_content"
"1","0.8200929760932922","Hans-Helmuth Knütter: »ldeologien des Rechtsradikalismus im Nachkriegsdeutschland«.","1961-12-19","1961","52","","['Neu In Deutschland']","","https://www.spiegel.de/kultur/hans-helmuth-knuetter-ldeologien-des-rechtsradikalismus-im-nachkriegsdeutschland-a-515bfc1f-0002-0001-0000-000043367926?context=issue","","1958-1962","In einer »Studie über die Nachwirkungen des Nationalsozialismus« durchleuchtete der Autor die rechtsradikale Publizistik auf ihr Urteil über Hitler, die Kriegsschuldfrage, die deutsche Widerstandsbewe...","596","In einer »Studie über die Nachwirkungen des Nationalsozialismus« durchleuchtete der Autor die rechtsradikale Publizistik auf ihr Urteil über Hitler, die Kriegsschuldfrage, die deutsche Widerstandsbewegung und den Nationalsozialismus überhaupt. Sein Fazit: Es gibt zwar keine Verschwörung von rechts, wohl aber eine Kontinuität der nationalsozialistischen, teilweise der vornazistischen rechtsextremen Ideen, weil der Personenkreis, der heute vaterländische Zeitungen schreibt oder liest, das gleiche Geschäft schon vor 1945 betrieben hat. (Ludwig Röhrscheid Verlag, Bonn; 230 Seiten; 16,80 Mark.)"
"2","0.8021355867385864","Bericht nach dem Krieg","1956-08-07","1956","32","","['Gerstenmaier']","","https://www.spiegel.de/politik/bericht-nach-dem-krieg-a-ad52429d-0002-0001-0000-000043063638?context=issue","","1953-1957","Dieser Artikel hatte geheißen: »Zur Geschichte des Umsturzversuchs vom 20. Juli 1944; Bericht von Konsistorialrat D. theol. Eugen Gerstenmaier.« Eugen Gerstenmaier hatte bei Kriegsende im Zuchthaus Ba...","1300","Dieser Artikel hatte geheißen: »Zur Geschichte des Umsturzversuchs vom 20. Juli 1944; Bericht von Konsistorialrat D. theol. Eugen Gerstenmaier.« Eugen Gerstenmaier hatte bei Kriegsende im Zuchthaus Bayreuth eingesessen und war von dort nach dem Einmarsch der Amerikaner durch einen Delegierten des Roten Kreuzes in die Schweiz zu Freunden gebracht worden, damit er sich erhole. Die »Neue Zürcher Zeitung« hatte dann einen Bericht über die Gerstenmaierschen Erlebnisse im Dritten Reich veröffentlicht, der den Konsistorialrat als den wohl aktivsten Kirchenmann im Kampf gegen Hitler hinstellte und in dem es hieß: »Ich ... war ... Scoutführer und hatte in dieser Eigenschaft - etwa seit 1927 (Gerstenmaier ist 1906 geboren) - meine ersten Zusammenstöße mit dem Nationalsozialismus. Zu heftigeren Auseinandersetzungen mit dem Nationalsozialismus führten seit 1930/31 von mir veröffentlichte Aufsätze und Reden. Als Leiter der Rostocker Theologenschaft hatte ich seit 1933 von neuem scharfe Zusammenstöße mit dem nationalsozialistischen Studentenbund, mit der Deutschen Glaubensbewegung und den Deutschen Christen. Diese Kämpfe griffen auf andere Universitäten über ... »Seit März 1933 nahm ich in enger Verbindung mit Pastor Martin Niemöller an der Begründung und dem Kampf der Bekennenden Kirche teil."
"3","0.7972812056541443","Horst Siebecke: »Hitlerjugend«.","1965-03-23","1965","13","","['Auswahl']","","https://www.spiegel.de/kultur/horst-siebecke-hitlerjugend-a-8f299290-0002-0001-0000-000046169947?context=issue","","1963-1967","Die Guttural-Stakkati des NS-Diktators und das rhetorische Delirium des Hitler-Schulen-Kontrolleurs Ley geben ein Erinnerungsbild vom nationalsozialistischen Erziehungswesen: »Eine gewalttätige, herri...","549","Die Guttural-Stakkati des NS-Diktators und das rhetorische Delirium des Hitler-Schulen-Kontrolleurs Ley geben ein Erinnerungsbild vom nationalsozialistischen Erziehungswesen: »Eine gewalttätige, herrische, unerschrockene, grausame Jugend will ich. Es darf nichts Schwaches und Zärtliches an ihr sein« (Hitler). Protzige Eidesformeln, Halbwüchsigen-Exzesse auf Parteitreffen und in Flakstellungen belegen, wie nahe Großdeutschland dem NS-Jugendideal war. Horst Siebeckes sachliche Kommentare binden 44 Tondokumente. (Ariola-Athena 70060 KW; 21 Mark.)"
"4","0.7971855998039246","Briefe","1950-05-24","1950","21","","","","https://www.spiegel.de/politik/a-b-c-a-ae9f2286-0002-0001-0000-000044448473?context=issue","","1948-1952","In der Ausgabe Nr. 15 schreiben Sie unter »Nazismus« von den Rundfragen eines gewissen Herrn Wight. Es heißt da: »Halten Sie den Nationalsozialismus für eine schlechte Sache oder für eine gute Idee, d...","988","In der Ausgabe Nr. 15 schreiben Sie unter »Nazismus« von den Rundfragen eines gewissen Herrn Wight. Es heißt da: »Halten Sie den Nationalsozialismus für eine schlechte Sache oder für eine gute Idee, die nur schlecht ausgeführt wurde?« Vielleicht wird Sie hierzu folgendes interessieren: Als wir im Jahre 1946 als Kriegsgefangene von Amerika nach England kamen, wurden uns schon in den ersten Tagen kleine Zettel mit folgenden Fragen gegeben: 1. War der Nationalsozialismus eine gute Idee? 2. War der Nationalsozialismus eine gute Idee und ist sie nur schlecht ausgeführt? 3. Ist das ganze deutsche Volk schuld am Kriege? 4. Ist der Nürnberger Kriegsverbrecherprozeß gerechtfertigt? Truppweise wurden wir in eine Baracke geführt. Hier mußten die Fragen mit ja oder nein beantwortet werden. Die Zettel mußten einzeln abgegeben werden mit Unterschrift und Nummer versehen. Auf Grund der Auswertung erfolgte die politische Einstufung nach den Gruppen A, B und C. Bordesholm FERDINAND KÖNEMANN"
"5","0.7906838059425354","»WAS MUSSTE DENN DA WIEDERGUTGEMACHT WERDEN?«","1969-01-19","1969","4","","","","https://www.spiegel.de/politik/was-musste-denn-da-wiedergutgemacht-werden-a-7636583b-0002-0001-0000-000045849640?context=issue","","1968-1972","National-Zeitung Der Ausgang des Verfahrens kann manchen, der zu den Opfern der Nazis gehört, vor die Frage stellen, ob in der Wiedergutmachung des von den Nazis begangenen Unrechts mit gleichen Ellen...","1050","National-Zeitung Der Ausgang des Verfahrens kann manchen, der zu den Opfern der Nazis gehört, vor die Frage stellen, ob in der Wiedergutmachung des von den Nazis begangenen Unrechts mit gleichen Ellen gemessen wird. Ungewöhnlich erscheint, daß Gerstenmaier auch die Zeit nach 1945 angerechnet wurde, obwohl es seine freie Entscheidung war, sich nicht um einen Lehrauftrag zu bewerben. Vergleicht man Gerstenmaiers durchgesetzte Forderungen mit denen vieler Juden im Rahmen der individuellen Wiedergutmachung, wird das spürbare Unbehagen über das Exempel, das der Bundestagspräsident durchgesetzt hat noch verständlicher DAGENS NYHETER Der Präsident des westdeutschen Bundestages, Eugen Gerstenmaler, hat dem Bundestag und der Wiedergutmachung an Nazi-Opfer wahrlich einen groben, schlechten Dienst erwiesen ... Es gibt unzählige Beweise dafür, wie schwer den vielen Opfern des Dritten Reichs die Beweislast gemacht wird, wenn es um die Wiedergutmachung geht, die dennoch für diejenigen, denen wirklich arg mitgespielt wurde, nur symbolisch sein kann."
"6","0.7890646457672119","Erich Kuby: »Das Ende des Schreckens«.","1956-07-17","1956","29","","['Neu In Deutschland']","","https://www.spiegel.de/politik/erich-kuby-das-ende-des-schreckens-a-8969eab9-0002-0001-0000-000043062785?context=issue","","1953-1957","Sammlung von Dokumenten aus der Zeit vom Januar bis Mai 1945, die aus Zeitungen stammen oder aus deutschen und alliierten Heeresberichten, aus offiziellen und geheimen nationalsozialistischen Kundmach...","634","Sammlung von Dokumenten aus der Zeit vom Januar bis Mai 1945, die aus Zeitungen stammen oder aus deutschen und alliierten Heeresberichten, aus offiziellen und geheimen nationalsozialistischen Kundmachungen, aus Prozeßberichten, historischen und politischen Büchern, aus Tagebüchern oder nicht näher bestimmten privaten Quellen. Die Dokumentation - von der ein Teil im Frühjahr 1955 von der Münchner »Süddeutschen Zeitung« veröffentlicht wurde - ergibt ein präzises, bemerkenswertes Bild von der schaurigen und kläglichen Götterdämmerung des nationalsozialistischen Regimes, (Süddeutscher Verlag GmbH., München. 208 Seiten. 6,80 Mark.)"
"7","0.7879073023796082","Presse-Zensur.","1962-07-31","1962","31","","['Deutschland']","","https://www.spiegel.de/politik/presse-zensur-a-747ef851-0002-0001-0000-000045141013?context=issue","","1958-1962","Die »Frankfurter Allgemeine« und »Die Welt« verweigerten die Aufnahme eines Inserats, mit dem die Journalisten Rolf Gillhausen und Klaus Harpprecht für einen Dokumentarfilm (Arbeitstitel: »Deutschland...","715","Die »Frankfurter Allgemeine« und »Die Welt« verweigerten die Aufnahme eines Inserats, mit dem die Journalisten Rolf Gillhausen und Klaus Harpprecht für einen Dokumentarfilm (Arbeitstitel: »Deutschland - kein Wunder"") ein ehemaliges, geläutertes Mitglied der NSDAP ermitteln wollten. Inseraten-Text: »Wir suchen für seriösen vorurteilslosen Dokumentarfilm ehemalig überzeugten PG, der sich zu seiner Vergangenheit bekennt und zu ihr kritischen Abstand gewonnen hat. Möglichst mit Familie, Sohn und Tochter im Teenager-Alter. Gefragt: ein bißchen Courage; geboten: ein bescheidenes Honorar.« Antwort der FAZ: »Der Anzeigen-Text würde ganz gewiß zu Mißdeutungen Anlaß geben, und denen möchten wir uns nicht aussetzen.«"
"8","0.7876911163330078","Weiß Ferdl","1949-03-04","1949","10","","","","https://www.spiegel.de/politik/weiss-ferdl-a-91ed3da3-0002-0001-0000-000044435995?context=issue","","1948-1952","Weiß Ferdl bekam mehr als ein Jahr nach seiner Entnazifizierung von der Kulturabteilung der amerikanischen Militärregierung eine unfreundliche Note. »Protektionskind von Nazifunktionären und früheres ...","579","Weiß Ferdl bekam mehr als ein Jahr nach seiner Entnazifizierung von der Kulturabteilung der amerikanischen Militärregierung eine unfreundliche Note. »Protektionskind von Nazifunktionären und früheres Parteimitglied« wurde er genannt. Weiter bezichtigt der OMGUS-Bericht den urbayrischen Komiker, er habe nur auf Grund seiner Beziehungen zu hochgestellten Parteileuten an den Zuständen in der NSDAP eine gewisse Kritik üben dürfen. Nach seiner Entnazifizierung habe Weiß Ferdl versucht, sich als »Opfer eines Kreuzzuges gegen vergangene und gegenwärtige Intolleranz« hinzustellen."
"9","0.7859517931938171","Das Mysterium -","1961-05-16","1961","21","","['Vertriebene', 'Sudetendeutsche']","","https://www.spiegel.de/politik/das-mysterium-a-7479ce2f-0002-0001-0000-000043364057?context=issue","","1958-1962","Der Eindruck, den der Verzicht auf jede Kritik am Nationalsozialismus in der Öffentlichkeit, vornehmlich aber bei den westlichen Verbündeten, hätte hervorrufen müssen, wurde von Seebohm rechtzeitig er...","1275","Der Eindruck, den der Verzicht auf jede Kritik am Nationalsozialismus in der Öffentlichkeit, vornehmlich aber bei den westlichen Verbündeten, hätte hervorrufen müssen, wurde von Seebohm rechtzeitig erkannt: Die Koalition mit den Westmächten, auf die allein die Sudetendeutschen heute ihre Heimkehr-Hoffnung stützen, schien ihm ein Bekenntnis zu Demokratie und Antifaschismus wert. Daß die Mehrheit der Sudetendeutschen diese Demonstration freilich als reines Lippenbekenntnis wertet, zeigt das Abstimmungsergebnis über den Antrag, den Seebohm durch seine Rücktrittsdrohung im letzten Augenblick doch noch verhindern konnte: 25 Mitglieder der Bundesversammlung stimmten für den Verzicht auf die Hitler-Passage, 23 fanden sich zur Verteidigung bereit. Betont nachsichtig pflegen die sudetendeutschen Funktionäre auch zu verfahren, sobald die Sprache auf ihre Mitarbeit in der 1938 zur NSDAP konvertierten Sudetendeutschen Partei Konrad Henleins kommt. Der rechte Flügel der Sudetendeutschen Landsmannschaft beispielsweise, der Witiko-Bund, dessen führende Männer Frank Seiboth, Dr. Walter Becher und Franz Karmasin sich von 1938 bis 1945 freudig zu Hitler bekannten, weist östliche Vorwürfe, er sei Vollstrecker der nationalsozialistischen Gewaltpolitik gewesen, weit von sich."
"10","0.7849454879760742","Briefe","1949-09-28","1949","40","","","","https://www.spiegel.de/politik/ich-war-nie-gauleiter-a-87f01175-0002-0001-0000-000044438770?context=issue","","1948-1952","Der Verfasser des Artikels »Zum ewigen Frieden« (Nr. 36) irrt, wenn er mich in dieser Abhandlung über Otto Strasser und die »Schwarze Front« unter die nord- und westdeutschen Gauleiter der NSDAP einre...","1262","Der Verfasser des Artikels »Zum ewigen Frieden« (Nr. 36) irrt, wenn er mich in dieser Abhandlung über Otto Strasser und die »Schwarze Front« unter die nord- und westdeutschen Gauleiter der NSDAP einreiht, die als Sozialisten - im Gegensatz zu Hitler - für die Enteignung der Fürsten und für die Unterstützung der streikenden sächsischen Industriearbeiter stimmten. Ich war niemals Gauleiter der NSDAP. An der Tagung der nordwestdeutschen Gaue am 22. November 1925 in Hannover, auf der über die Fürstenabfindung und über die Unterstützung sächsischer Industriearbeiter abgestimmt worden sein soll, nahm ich nicht teil. Ich war damals noch gar nicht Mitglied der NSDAP. Als nationalsozialistischer Minister in Braunschweig erklärte ich am 27. Juli 1931 nach grundsätzlichen Auseinandersetzungen mit Hitler gegen seinen Willen meinen Rücktritt, legte mein Reichstagsmandat nieder und trat am 1. September 1931 aus der NSDAP aus. Das in der Folgezeit entstandene Gerücht, ich hätte mich der »Schwarzen Front« angeschlossen, entspricht nicht den Tatsachen. Ich hatte niemals irgendwelche Beziehungen zur »Schwarzen Front«, zu Otto Strasser oder zu einem der Männer, in deren Reihe mein Name in der Abhandlung genannt wurde. Kiel Dr. FRANZEN Landgerichtsdirektor a. D."
"11","0.7848908305168152","Der Reichstagsbrand - Alibi einer Nation?","1972-10-15","1972","43","","","","https://www.spiegel.de/politik/der-reichstagsbrand-alibi-einer-nation-a-3939263a-0002-0001-0000-000042891194?context=issue","","1968-1972","Sie läßt den Historiker bei der Nachprüfung der Zuverlässigkeit der damaligen Brandgutachten im Stich, ganz abgesehen davon, daß ein Beleg für die Vorwürfe fehlt. Statt dessen erfährt man in der Exper...","1826","Sie läßt den Historiker bei der Nachprüfung der Zuverlässigkeit der damaligen Brandgutachten im Stich, ganz abgesehen davon, daß ein Beleg für die Vorwürfe fehlt. Statt dessen erfährt man in der Expertise, daß »ein mehr spekulativer Teil« der Gutachten »leider« von Widersprüchen nicht frei sei, doch würden die darin enthaltenen Vermutungen »zumindest diskutierbare Denkmodelle« darstellen. Wir dürfen daraus folgern, daß Stephan insbesondere den Phantasien des entscheidenden Gutachters von 1933, Dr. Wilhelm Schatz -- er behauptete, mehrere Brandstifter hätten das Feuer im Plenarsaal fachmännisch vorbereitet --, mit einer gewissen Zurückhaltung gegenübersteht, wenngleich Stephan meint, daß »vom heutigen Stand des Wissens« keine Berechtigung bestehe, deren Glaubwürdigkeit in Frage zu stellen -- ein seltsamer Terminus im Munde des exakten Naturwissenschaftlers und ein indirektes Eingeständnis, daß der konkrete Brandverlauf und dessen Ursachen auch ihm unklar geblieben sind. So könnte man zur Tagesordnung übergehen, wäre nicht der Streit um die Urheberschaft des Reichstagsbrands, weit über seine wissenschaftliche Bedeutung hinaus, ein Paradebeispiel für die Zählebigkeit historischer Vorurteile. Für den Zeithistoriker stellt sich die Frage, warum es zu einer derart emotional aufgeladenen Auseinandersetzung kommen und diese die Aufmerksamkeit breitester Kreise finden konnte. So hatte der Streit begonnen: Die Nationalsozialisten beschuldigten -- nachweislich zu Unrecht -- die Kommunisten, den Brand gelegt zu haben: der Verdacht einer nationalsozialistischen Urheberschaft hingegen war schon am Brandtage, sogar auch von NS-Seite, spontan geäußert worden. Recherchen nach 1945 brachten wenig Klarheit, auch wenn inzwischen niemand mehr zweifelte, daß die Nationalsozialisten für den Brand verantwortlich seien."
"12","0.7843767404556274","»Nation ist, wenn man sich wiedersieht«","1972-12-17","1972","52","","","","https://www.spiegel.de/politik/nation-ist-wenn-man-sich-wiedersieht-a-0b94c18f-0002-0001-0000-000042787308?context=issue","","1968-1972","Während so in der Bundesrepublik der Begriff Nation mehr und mehr zur gesamtdeutschen Klammer geriet, sieht die DDR neuerdings in der Formel Nation = Nationalstaat ein zusätzliches Instrument teilstaa...","1545","Während so in der Bundesrepublik der Begriff Nation mehr und mehr zur gesamtdeutschen Klammer geriet, sieht die DDR neuerdings in der Formel Nation = Nationalstaat ein zusätzliches Instrument teilstaatlicher und ideologischer Abgrenzungspolitik -- jüngster Beleg für das seit jeher gebrochene Verhältnis der SED zur Nation. Mal hieß es: »Die deutsche Nation bildet eine Einheit. Rüben wie drüben leben Deutsche, mit all den Vorteilen und guten Eigenschaften, die der Deutsche hat« (ehemaliger SED-Chefideologe Fred Oelßner). Dann hieß es: »Die Deutsche Demokratische Republik ist ein sozialistischer Staat deutscher Nation« (DDR-Verfassung, 1968). Später hieß es: »Zwischen den Krupps und den Krauses, zwischen den Milliardären und Multimillionären und dem werktätigen Volk gibt es keine nationale Einheit« (Walter Ulbricht). Dabei hatten Nation, Staat und deutsche Einheit zunächst auch deutsche Kommunisten nicht verwirrt. Da galt Stalins Wort über die Nation im allgemeinen (1913): »Eine Nation ist eine historisch entstandene stabile Gemeinschaft von Menschen, entstanden auf der Grundlage der Gemeinschaft der Sprache, des Territoriums, des Wirtschaftslebens und der sich in der Gemeinschaft der Kultur offenbarenden psychischen Wesensart« -- und über Deutschland im besonderen (1942): »Die Erfahrungen der Geschichte besagen, daß die Hitler kommen und gehen, aber das deutsche Volk, der deutsche Staat bleibt« Als die Hitler gegangen waren und Deutschland in Zonen zerfiel, hielten Deutschlands Kommunisten den Glauben an Deutschland wach."
"13","0.7841885089874268","BRIEFE IN DIE NACHT","1964-01-07","1964","1","","","","https://www.spiegel.de/politik/briefe-in-die-nacht-a-c6a269eb-0002-0001-0000-000046162711?context=issue","","1963-1967","Der Sieg über den Nationalsozialismus hatte, so fand er, der Welt nicht das gebracht, was er von diesem Sieg erhofft hatte. Aber was hatte er eigentlich erwartet? Schon im Mai 1938 hatte er (einem unb...","955","Der Sieg über den Nationalsozialismus hatte, so fand er, der Welt nicht das gebracht, was er von diesem Sieg erhofft hatte. Aber was hatte er eigentlich erwartet? Schon im Mai 1938 hatte er (einem unbekannten Adressaten) geschrieben, daß die Welt nur deshalb mit dem »Faschismus« so langmütig sei, weil er ein Hilfsmittel »gegen die überall drohende soziale Revolution« sei. Sehnte er diese Revolution herbei und tadelte er darum das »Paktieren mit dem Faschismus« und später die »Nachsicht« des Siegers mit dem besiegten Deutschland? Thomas Mann ein Umstürzler, der den Anstand und die Gesittung wieder zum Gelten bringen und darum der sozialen Revolution die Bahn ebnen will? Das sind trübe Aussichten für den Seelenfrieden des großen alten Mann, von dessen Lebensabend, den wir wolkenlos und heiter wünschten, der dritte Band seiner Briefe berichten wird. THOMAS MANN BRIEFE 1937 - 1947 S. Fscher Verlag Frankfurt am Main 768 Seiten 36 Mark Thomas Mann"
"14","0.7840852737426758","Briefe","1959-05-19","1959","21","","","","https://www.spiegel.de/politik/reden-von-frueher-a-7f7a9180-0002-0001-0000-000042625383?context=issue","","1958-1962","Warum warnen Sie nicht vor dieser Platte mit den Reden und Gesängen aus der NS-Zeit? Wir haben sie uns leider gekauft, weil wir uns etwas vollständig anderes darunter vorstellten. Die Empfehlung des V...","1099","Warum warnen Sie nicht vor dieser Platte mit den Reden und Gesängen aus der NS-Zeit? Wir haben sie uns leider gekauft, weil wir uns etwas vollständig anderes darunter vorstellten. Die Empfehlung des Verlages Wm. Dawson & Sons, daß die Platte für Schulen besonders geeignet sei, halte ich geradezu für verheerend. Diese Platte atmet doch durch und durch nationalsozialistischen Ungeist. Frankfurt MARIA-LOUISE DRESSLER Amerika scheint dem Wiederaufleben des Nationalsozialismus in Germany freundlicher gesinnt zu sein, als es vorgibt. Wie sonst wäre die Geschäftemacherei mit der unvergessenen Stimme des »Mein Kampf«-Autoren zu verstehen? Wehe der Devise »Lieber braun als rot«! Berlin-Tempelhof HANJO KOSS Gestatten Sie mir, daß ich Hitler posthum vom Niederösterreicher zum Oberösterreicher mache. Diese Beförderung dürfte nach der zum Gefreiten die einzig berechtigte gewesen sein. Wenn man schon einmal eine Zeitungsmeldung zum Spaß ernst nimmt, sei noch darauf verwiesen, daß »schroff« kein sehr hervorragendes Kennzeichen des österreichischen Sprachgebrauches ist. Boras (Schweden) ROBERT DAVY"
"15","0.7810443043708801","NACHWEIS DER SCHIZOPHRENIE","1968-09-01","1968","36","","['Hans Mommsen Über David Schoenbaum: ""Die Braune Revolution""']","","https://www.spiegel.de/kultur/nachweis-der-schizophrenie-a-8f4acbb7-0002-0001-0000-000045950141?context=issue","","1968-1972","Das Sein bestimmt das Bewußtsein, sagt Marx. Der Nationalsozialismus war ein Versuch. dieses Verhältnis umzukehren.« Mit dieser zugespitzten Wendung charakterisiert der amerikanische Historiker David ...","1528","Das Sein bestimmt das Bewußtsein, sagt Marx. Der Nationalsozialismus war ein Versuch. dieses Verhältnis umzukehren.« Mit dieser zugespitzten Wendung charakterisiert der amerikanische Historiker David Schoenbaum in seiner »Sozialgeschichte des Dritten Reiches' (Untertitel) den grundlegenden Widerspruch, in dem sich die nationalsozialistische Ideologie zu den unabweisbaren sozialen Konsequenzen des industriegesellschaftlichen Wachstums befunden hat. Schoenbaum sucht eine neue Antwort auf die einfache Frage, warum die Deutschen bereit waren, »Hitler 1933 zu unterstützen und 1939 für ihn zu kämpfen«. Schoenbaum rührt damit an ein bislang kaum aufgedecktes Tabu: das Eingeständnis, daß die relative Stabilität des nationalsozialistischen Herrschaftssystems nicht einfach auf der Ausübung rücksichtslosen Terrors beruht hat, daß es ihm vielmehr gelungen ist, sich der Unterstützung breiter Kreise aus allen sozialen Schichten mit Einschluß der Arbeiterschaft zu versichern.,, Was die Dinge zusammenhielt. war eine Kombination von Ideologie und sozialer Dynamik auf einer Grundlage von Charisma und Terror.« Schoenbaum wendet sein Interesse vor allem der vom Nationalsozialismus freigesetzten oder beschleunigten sozialen Dynamik zu und erblickt in deren Analyse den Schlüssel zur Beantwortung der Frage, warum dem Nationalsozialismus in bemerkenswertem Umfang die Integration einer Gesellschaft gelungen ist, die, wie die Weimarer Jahre zeigen, im Innern durch scharfe Klassengegensätze und Interessenkonflikte zerklüftet war."
"16","0.7804124355316162","Nach Führerprinzip","1951-12-25","1951","52","","['Schnaps-Preise']","","https://www.spiegel.de/politik/nach-fuehrerprinzip-a-7bf63df9-0002-0001-0000-000020300714?context=issue","","1948-1952","Schon lange vorher hatten die Nationalsozialisten durch Gesetze vom 13. September 1933 und 13. September 1934 den Beirat bei der Reichsmonopolverwaltung beseitigt. Dieser Beirat hatte entgegen dem heu...","543","Schon lange vorher hatten die Nationalsozialisten durch Gesetze vom 13. September 1933 und 13. September 1934 den Beirat bei der Reichsmonopolverwaltung beseitigt. Dieser Beirat hatte entgegen dem heutigen Gewerbeausschuß (mit nur beratender Stimme) das Beschlußrecht. Durch die beiden Gesetze war also auch auf dem Spritsektor das Führerprinzip eingeführt. Jetzt will die westdeutsche Spirituosenindustrie feststellen, ob in der Bundesrepublik 1934 oder 1952 geschrieben wird. Ihre Klageschrift für das Verwaltungsgericht ist schon in Arbeit."
"17","0.7801600694656372","Erich Kästner: »Notabene 45«.","1961-08-22","1961","35","","['Bücher']","","https://www.spiegel.de/kultur/erich-kaestner-notabene-45-a-d7fc4a97-0002-0001-0000-000043365743?context=issue","","1958-1962","Als Mittel gegen die Vergeßlichkeit seiner Landsleute hat der Lyriker, Romanschriftsteller und heutige Präsident des Deutschen PEN-Zentrums der Bundesrepublik, der während des Dritten Reiches nicht un...","1142","Als Mittel gegen die Vergeßlichkeit seiner Landsleute hat der Lyriker, Romanschriftsteller und heutige Präsident des Deutschen PEN-Zentrums der Bundesrepublik, der während des Dritten Reiches nicht unter seinem Namen schreiben durfte, ein Tagebuch aus der ersten Hälfte des Jahres 1945 veröffentlicht. Die ursprünglich »nur fürs eigene Gedächtnis bestimmten« Notizen »aus der Perspektive einer denkenden Ameise« (Kästner) enthalten gelegentliche Anmerkungen zum Kriegsgeschehen, vor allem aber die persönlichen Meditationen und Erinnerungen Kästners, der sich, mit einigen Kilo Schwarzmarkt-Speck im Rucksack, als vorgebliches Mitglied einer Filmtruppe ins idyllische Tiroler Dorf Mayrhofen zurückzog, wo er die hereinbrechende Katastrophe aus der Ferne verfolgen durfte. Der Versuch, Zeitdokumentation zu betreiben, ist Kästner weniger durch eigene Schreibarbeit als mit einigen Zitaten aus der NS-Propaganda und den Reden nationalsozialistischer Größen gelungen. Er schließt sein Tagebuch bereits am 2. August 1945, weil der darin beschriebene Alltag »eine langweilige Affäre ist«. (Cecilie Dressler Verlag, Berlin; 248 Seiten, 16,80 Mark.)"
"18","0.7789504528045654","Tod im Parterre","1961-05-23","1961","22","","['Vincenz Müller']","","https://www.spiegel.de/politik/tod-im-parterre-a-27adf752-0002-0001-0000-000043364189?context=issue","","1958-1962","Vincenz Müller starb auf dem Wege in das Krankenhaus Köpenick, ohne der SSD-Schergen, die ihn laut »Morgenpost« in den Tod getrieben hatten, je ansichtig geworden zu sein. * Das Nationalkomitee »Freie...","497","Vincenz Müller starb auf dem Wege in das Krankenhaus Köpenick, ohne der SSD-Schergen, die ihn laut »Morgenpost« in den Tod getrieben hatten, je ansichtig geworden zu sein. * Das Nationalkomitee »Freies Deutschland« wurde im Juli 1943 auf Initiative der Sowjets und deutscher Kommunisten von gefangenen deutschen Offizieren in Krasnogorsk bei Moskau gegründet. Sein Ziel war, die Wehrmacht zum Widerstand gegen den Nationalsozialismus aufzurufen. DDR-General Müller: Weder Selbstmord noch Exekution"
"19","0.7770761847496033","Randerscheinungen","1957-11-12","1957","46","","['Binding-Briefe']","","https://www.spiegel.de/politik/randerscheinungen-a-4a0a4275-0002-0001-0000-000041759848?context=issue","","1953-1957","In welche Schwierigkeiten Binding während seiner letzten Lebensjahre - er starb 1938 - mit dieser seiner vorbehaltvollen Billigung des NS-Regimes geraten mußte, ist an einigen Briefen abzulesen, die i...","901","In welche Schwierigkeiten Binding während seiner letzten Lebensjahre - er starb 1938 - mit dieser seiner vorbehaltvollen Billigung des NS-Regimes geraten mußte, ist an einigen Briefen abzulesen, die in dem Briefband zum ersten Male veröffentlicht werden. Sie sind zum Teil symptomatisch für die damalige Gefühlslage der deutsch-national und völkisch gesonnenen Autoren, die von einer Erneuerung der Reichs- und Staatsidee durch Hitler träumten, dabei aber trotz größter Anstrengung die Intoleranz und die Verbrechen der Nationalsozialisten nicht ignorieren konnten. »Unwichtig und kaum verwertbar« Für Binding selbst war zunächst das Unrecht augenfällig, von dem er sich persönlich getroffen fühlte. Drei »Tatbestände«, die er »schon aus Standesbewußtsein nicht ruhen« und auf sich sitzenlassen konnte, veranlaßten ihn, im Juli 1936 eine flammende Beschwerde an die Reichsschrifttumskammer zu richten."
"20","0.7770563364028931","Briefe","1974-11-03","1974","45","","","","https://www.spiegel.de/politik/praxis-der-verdraengung-a-4dc24043-0002-0001-0000-000041652350?context=issue","","1973-1977","(Nr. 43/1974, Ausstellungen: Karin Struck über NS-Kunst) Mit meinem sechsjährigen Sohn stand ich während der Frankfurter NS-Ausstellung vor dem Stürmer-Plakat »Der ewige Jude«. Da fragte mein Sohn: »W...","973","(Nr. 43/1974, Ausstellungen: Karin Struck über NS-Kunst) Mit meinem sechsjährigen Sohn stand ich während der Frankfurter NS-Ausstellung vor dem Stürmer-Plakat »Der ewige Jude«. Da fragte mein Sohn: »Was ist das für ein böser Mann auf dem Bild?« Und da ich im Moment keine Antwort wußte, zog ich mein Kind von den Bildern weg. Auch der Kulturdezernent der Stadt Frankfurt, Stadtrat Hilmar Hoffmann, konnte mir telephonisch die Frage des Kindes nicht beantworten. Übrigens: Der zu der Ausstellung herausgegebene Katalog weist unter anderem in der Zeittafel aus: »9. November 1938. Kristallnacht. Zerstörung jüdischer Geschäfte und Wohnungen, Verhaftung und Ermordung jüdischer Bürger«. Die Autoren des Kataloges haben es offensichtlich vergessen: Rund 800 Synagogen wurden ja zerstört und verbrannt. Bei derartiger »Volksaufklärung« soll doch besser die Tür dicht gemacht werden. Frankfurt ADOLF DIAMANT Buchautor der Chroniken über die Juden in Chemnitz, Dresden und Zwickau"
"21","0.7768877148628235","»Nation ist, wenn man sich wiedersieht«","1972-12-17","1972","52","","","","https://www.spiegel.de/politik/nation-ist-wenn-man-sich-wiedersieht-a-0b94c18f-0002-0001-0000-000042787308?context=issue","","1968-1972","Mehr als ideologische Indoktrinierung und gesellschaftlicher Wandel es vermochten, zwangen Isolierung nach außen und Druck nach innen die Bürger zum Arrangement. So definiert sich das DDR-Staatsgefühl...","1071","Mehr als ideologische Indoktrinierung und gesellschaftlicher Wandel es vermochten, zwangen Isolierung nach außen und Druck nach innen die Bürger zum Arrangement. So definiert sich das DDR-Staatsgefühl immer noch und vor allem als die Kunst der Anpassung an die vom SED-Regime gesetzten Normen. Bis heute ist die DDR im Bewußtsein der Mehrheit ihrer Bürger denn auch ein Staat ohne nationale Identität, im Gegensatz zur Bundesrepublik, für deren Bürger Staat und Nation weithin deckungsgleich geblieben sind. Und während Bundesbürger sich ihrer eigenen Nation kaum jemals bewußt werden, fühlen viele DDR-Bürger immer noch mit der Nation, aus der sie (nach dem Willen der SED) vertrieben werden sollen. Wohl träumten noch 1951 zwei Fünftel der Westdeutschen laut Meinungsumfrage von Kaiser und Reich in den kleindeutschen Grenzen von 1871, weitere zwei Fünftel gar von »ein Volk, ein Reich, ein Führer« in den großdeutschen Grenzen von 1938. Doch bereits 1963 glaubten zwei Drittel der Bundesbürger, Deutschland sei es im 20. Jahrhundert noch nie so gut gegangen wie jetzt."
"22","0.7767179012298584","Eifer, Zorn und Leidenschaft","1978-10-22","1978","43","","","","https://www.spiegel.de/kultur/eifer-zorn-und-leidenschaft-a-7bbdfe9a-0002-0001-0000-000040606223?context=issue","","1978-1979","Die deutsche Geschichte »öffnet uns den Blick für Gemeinsamkeiten, die sich nicht durch Zweistaaten-Theorien oder innerdeutsche Grenzen auseinanderschlagen lassen«. Mit dieser trotzköpfig klingenden P...","1998","Die deutsche Geschichte »öffnet uns den Blick für Gemeinsamkeiten, die sich nicht durch Zweistaaten-Theorien oder innerdeutsche Grenzen auseinanderschlagen lassen«. Mit dieser trotzköpfig klingenden Proklamation deutscher Zusammengehörigkeit leitet der Erlanger Geschichtsprofessor Hellmut Diwald, 49, ein 760-Seiten-Werk ein, das er ganz offenkundig als nationales Lehrstück verfaßt hat. Das Buch -- Titel und Thema: 'Geschichte der Deutschen« -- ist letzte Woche erschienen, mit einer Startauflage von 100 000 Exemplaren**. Das Buch beginnt in den siebziger Jahren und schreitet dann von Epoche zu Epoche rückwärts bis zu Heinrich I., dem ersten deutschen König. Der zweifellos aufregendste Teil des Buches ist der erste: Diwalds Bericht über die deutsche Nach kriegspolitik. Davon soll hier die Rede sein. Diwald hat als Historiker einen guten Namen. Seine 1969 veröffentlichte Wallenstein-Biographie kann sich sehen lassen, auch noch nach Erscheinen von Golo Manns Riesen-Fresko zum gleichen Thema. Keine Kleinigkeit! Diwalds Geschichte der Renaissance, die 1975 als erster Band der Propyläen Geschichte Europas erschien, ist wegen ihrer essayistischen Brillanz über den Klee gelobt worden. Ein Rezensent fand sogar, Diwald sei ein neuer Jacob Burckhardt. Eine weniger glückliche Hand hatte -- nicht nur meines Erachtens -- Diwald mit einem historischen Essay zur Bonner Deutschland-Politik, den er 1970 veröffentlichte. Der Titel lautete sachgerecht »Die Anerkennung«, doch schon der Untertitel war, mit Verlaub, blöd: »Bericht zur Klage der Nation.« Im Text verkündete Diwald den Konkurs des Bismarck-Reiches und das Ende der deutschen Nation überhaupt. Doch tat er das mit so viel flagellantischer Wut und Wonne, daß schließlich der Verdacht aufkam, in Wirklichkeit sei der Essay ein Versuch, die Deutschen auf den Weg nationaler Einheit zurückzuprügeln. Ob dieser Verdacht richtig war, ist allerdings noch heute, nach Erscheinen der »Geschichte der Deutschen«, nicht verläßlich auszumachen."
"23","0.7759197950363159","Briefe","1966-07-17","1966","30","","","","https://www.spiegel.de/politik/schnappschuss-a-d90a447e-0002-0001-0000-000046407952?context=issue","","1963-1967","Daran werde ich Sie erinnern, wenn wir uns im gleichen KZ wiedersehen. München WERNER A. FISCHER Ihre widerliche Reportage der Geschehnisse auf dem Karlsruher NPD -Parteitag erinnert mich sehr an das ...","961","Daran werde ich Sie erinnern, wenn wir uns im gleichen KZ wiedersehen. München WERNER A. FISCHER Ihre widerliche Reportage der Geschehnisse auf dem Karlsruher NPD -Parteitag erinnert mich sehr an das verlogene und haßerfüllte Geschmiere der NS -Presse aus der Hitlerzeit. Kaiserslautern FRIDOLIN LIEDTKE Ich lese seit Jahren Ihre Zeitschrift und habe sie seit einem halben Jahr sogar abonniert. Ich habe Ihre Zeitschrift bisher immer für unparteiisch und sauber gehalten, was Sie jedoch über die NPD und deren Parteitag schreiben, ist gelinde gesagt eine Schmiererei. Ihrem Bericht nach setzt sich die Mitgliederzahl der NPD nur aus Narren, Säufern, Phantasten und geistlosen Rabauken zusammen. Saarbrücken MANFRED GELSZAT Leider ist man gezwungen, Ihr Magazin zu lesen, um politisch informiert zu sein. Ich werde künftig bei der Lektüre Ihres Erzeugnisses Handschuhe anziehen. Landstuhl (Rheinl.-Pfalz) HANS MÜLLER NPD-Delegierter in Karlsruhe, NSDAP-Abzeichen"
"24","0.7758578658103943","Mit Russen leben","1966-06-19","1966","26","","['Ostfeldzug']","","https://www.spiegel.de/politik/mit-russen-leben-a-6072013a-0002-0001-0000-000046407661?context=issue","","1963-1967","Nach der Kapitulation von 1945 schien es, als ob die Lektionen der Geschichte nicht genügt hätten. Durch Gründung der Nato erstmals der Drohung eines Zweifrontenkrieges entrückt, rüsteten sich die ant...","1268","Nach der Kapitulation von 1945 schien es, als ob die Lektionen der Geschichte nicht genügt hätten. Durch Gründung der Nato erstmals der Drohung eines Zweifrontenkrieges entrückt, rüsteten sich die antikommunistischen Kräfte im Lande wieder zum Heiligen, wenn auch noch Kalten Krieg gegen den bolschewistischen Weltfeind. Erst heute, da die Nato zerbricht, Frankreichs General-Staatschef de Gaulle den Jahrestag des deutschen Überfalls in Moskau begeht (siehe Seite 58) und das Gespenst einer neuen Einkreisung Bonn das Fürchten lehrt, ist der Wind umgesprungen: Konrad Adenauer sprach von der »friedliebenden Sowjet-Union«, Kanzler Ludwig Erhard möchte dem sowjetischen Regierungschef Kossygin begegnen, und Außenminister Gerhard Schröder rang Regierung und Parlament Zustimmung zu einer aktiven Ostpolitik ab. CDU-Fraktionschef Rainer Barzel schließlich war es, der mit seinem Vorschlag, auch in einem wiedervereinigten Deutschland Sowjet-Garnisonen zu unterhalten (siehe Seite 16), fast auf den Tag fünfundzwanzig Jahre nach Hitlers Einfall in Rußland der neuen deutschen Politik auch einen neuen Slogan schenkte: Mit Russen leben - und sei es im eigenen Lande. Deutscher Panzerangriff am 22. Juni 1941"": »Das haben wir nicht verdient« * Vorn Generaloberst Guderian."
"25","0.7753774523735046","»Mit festem Schritt ins Neue Reich«","1965-03-02","1965","10","","","","https://www.spiegel.de/politik/mit-festem-schritt-ins-neue-reich-a-736085c0-0002-0001-0000-000046169655?context=issue","","1963-1967","Dazu wollte er die Ortsgruppe der NSDAP einladen. Der Fall Gemeinder war seinerzeit eine Sensation gewesen; die Kirche wollte jetzt anscheinend alles wiedergutmachen. Aber die Nationalsozialisten lehn...","1041","Dazu wollte er die Ortsgruppe der NSDAP einladen. Der Fall Gemeinder war seinerzeit eine Sensation gewesen; die Kirche wollte jetzt anscheinend alles wiedergutmachen. Aber die Nationalsozialisten lehnten das Friedensangebot ab. Gemeinders Witwe sagte, der Reichsstatthalter Sprenger habe ihr befohlen, die Zustimmung zu der geplanten Feier zu verweigern. Diese kleine Episode charakterisiert besser als alles andere die Lage, in der sich die Kirche am Ende des ersten Jahres der nationalsozialistischen Herrschaft befand. IM NÄCHSTEN HEFT: Hitler droht mit der Aufkündigung des Konkordats - Nazis ermorden katholische Führer - Der Vatikan torpediert einen Kompromiß mit Hitler - Die katholischen Organisationen werden liquidiert Copyright: Verlag R. Piper & Co, -München. * Zu den sogenannten Lateranverträgen vorn 11. Februar 1929, in denen Mussolini die weltliche Souveränität des Papstes über die vatikanische Stadt Rom anerkannte, gehörte auch ein Konkordat, das der Katholischen Kirche Italiens die Rolle einer Staatsreligion einräumte."
"26","0.7748490571975708","»Preußen muß sein!«","1970-04-05","1970","15","","","","https://www.spiegel.de/politik/preussen-muss-sein-a-1ca8c999-0002-0001-0000-000045197420?context=issue","","1968-1972","Gegenüber der SED aber hieß es: »Die Frage, Kommunist oder Sozialdemokrat sein, heißt daher heute in Deutschland Russe oder Sozialdemokrat sein.« Doch auch die Kluft zwischen Kaisers CDU und der SED e...","1104","Gegenüber der SED aber hieß es: »Die Frage, Kommunist oder Sozialdemokrat sein, heißt daher heute in Deutschland Russe oder Sozialdemokrat sein.« Doch auch die Kluft zwischen Kaisers CDU und der SED erwies sich nun immer deutlicher als unüberbrückbar. Am 2. November 1947 veröffentlichte »Neues Deutschland« einen Brief der SED an den Alliierten Kontrollrat. Darin waren sieben Forderungen enthalten, die von nun an agitatorisch verbreitet wurden: Volksabstimmung über die Einheit Deutschlands (mit der Alternative Einheitsstaat im Anschluß an die Weimarer Verfassung oder Länderbund), Einsetzung von Zentralverwaltungen, Aufhebung der Zonengrenzen, Annullierung aller bizonalen Abmachungen, Säuberung der Verwaltungen von Nationalsozialisten und Kriegsverbrechern, Ausdehnung der in der Sowjetzone durchgeführten sozialistischen Reformen -- beginnend mit der Bodenreform -- auf ganz Deutschland, das einheitlich zu einer sozialistischen Planwirtschaft geführt werden sollte. Am 10. November ging Kaisers Memorandum über einen deutschen Konsultativrat an die Oberbefehlshaber der vier Besatzungszonen ab."
"27","0.7747908234596252","Einfach schön","1964-05-12","1964","20","","['Zeitgeschichte', 'Hoggan']","","https://www.spiegel.de/politik/einfach-schoen-a-e090d6a1-0002-0001-0000-000046173484?context=issue","","1963-1967","Mit Geschichtsschreibung hat das nichts zu tun.« Umgekehrt befand Hoggan: »In Deutschland ist seit 1945 und 1933 eine grauenhafte Vermischung von Propaganda und Geschichte eingetreten, so daß eine wah...","1151","Mit Geschichtsschreibung hat das nichts zu tun.« Umgekehrt befand Hoggan: »In Deutschland ist seit 1945 und 1933 eine grauenhafte Vermischung von Propaganda und Geschichte eingetreten, so daß eine wahrheitsgemäße Geschichtsschreibung nur noch am Rande zu bestehen scheint.« Für ihn blieb Wahrheit, daß der Zweite Weltkrieg das Werk der anderen, nicht der Deutschen gewesen sei. Diesem seitenverkehrt projizierten Geschichtsbild entsprach ein abstruses politisches Ideal, das Hoggan dem New Yorker SPIEGEL-Korrespondenten schon vor zwei Jahren so erläuterte: »ein Bündnis zwischen den Vereinigten Staaten, Deutschland und Rußland«. Rußland, woher die Eltern seiner Frau stammen, müßte sich allerdings erst von seinem »marxistisch-atheistischen weltrevolutionären Regime« befreien. Deutschland, wo er - als Assistent am Amerika-Institut der Münchner Universität (1949 bis 1952) - seine wissenschaftliche Karriere begann und sein Deutsch verbesserte, müßte sich erst von den »seelischen Verheerungen« erholen, die durch »die Schuldlüge (in der Frage des Kriegsausbruchs) und die Verzerrung des ganzen deutschen Geschichtsbildes« angerichtet worden seien."
"28","0.774351179599762","Kommunismus heute","1977-06-05","1977","24","","","","https://www.spiegel.de/politik/kommunismus-heute-a-ce721b92-0002-0001-0000-000040887623?context=issue","","1973-1977","Mehr noch: Es gab sie wohl nie. Vermutlich hat die SED in dem Land, das sie seit mehr als drei Jahrzehnten in sowjetischem Auftrag verwaltet, sogar das historisch Mögliche geleistet. Das Gewünschte zu...","1338","Mehr noch: Es gab sie wohl nie. Vermutlich hat die SED in dem Land, das sie seit mehr als drei Jahrzehnten in sowjetischem Auftrag verwaltet, sogar das historisch Mögliche geleistet. Das Gewünschte zu erreichen dagegen verhinderte schon die Aufgabenstellung: * in einem halben Land, zertrümmert und demontiert, einen Kommunismus aufzubauen, über dessen konkrete Lebensqualität heute befriedigende Aussagen so unmöglich sind wie 1945; * mit Menschen, die zwölf Hitler-Jahre lang in Kommunisten-Haß gedrillt worden waren; * unterstützt von einer Sowjet-Armee, deren Besatzer-Verhalten in den ersten Nachkriegsjahren gängige Klischees zu bestätigen schien; > und benachbart einem deutschen West-Staat, dem ein wirtschaftlicher Aufschwung gelang, der bis 1961 fast drei Millionen DDR-Menschen über die bis dahin offene Grenze lockte, soweit die SED sie nicht vertrieb. Allenfalls langfristig, meint ein Ost-Berliner Historiker, könne sich in Staat und Partei etwas ändern, »vorausgesetzt, die Änderungsvorschläge kommen nicht aus dem Westen«. Grenzprovinzen könnten schließlich immer nur versuchen, sich »irgendwie durchzuwursteln« -- zwischen der »wie auch immer gut gemeinten Begehrlichkeit des nahen Nachbarn« und »der mißtrauischen Strenge der fernen Zentrale«. Denn: »Wir halten doch nun einmal seit 32 Jahren die sowjetische Westfront.«"
"29","0.7741110324859619","Tief eingetaucht","1969-07-27","1969","31","","['Zeitgeschichte', 'Wehrmacht']","","https://www.spiegel.de/politik/tief-eingetaucht-a-34736d1d-0002-0001-0000-000045789118?context=issue","","1968-1972","Wie, das lehrten Referate über »Die geistigen Grundlagen des Nationalsozialismus unter besonderer Berücksichtigung des Rassenproblems«, den »Zusammenhang zwischen Fronterlebnis und Nationalsozialismus...","1494","Wie, das lehrten Referate über »Die geistigen Grundlagen des Nationalsozialismus unter besonderer Berücksichtigung des Rassenproblems«, den »Zusammenhang zwischen Fronterlebnis und Nationalsozialismus« und »Die Notwendigkeit einer Führerschicht im völkischen Staat«, Besichtigungen der NS-Volkswohlfahrt und des Sicherheitsdienstes; zum Abschluß fanden sich NS-Schüler und NS-Lehrer zum »Bierabend beim Reichskriegsminister« ein. Das Heer folgte der Richtung, die das Nürnberger Rassengesetz wies. Ein -- »Wegweiser für den rassehygienischen Unterricht« des Reichskriegsministeriums von 1936 proklamierte den »biologischen Abwehrkampf""' der 1938 zur »Kristallnacht« eskalierte, und ein halbes Jahr später forderte Marine-Chef Raeder eine »klare und schonungslose Kampfansage an den Bolschewismus und das internationale Judentum«. Und das Militär folgte auf dem Kriegspfad, den Hitler mit Aufrüstung und allgemeiner Wehrpflicht begehbar machte, die Deutschlands Wehrmacht bis 1939 auf einen Stand von 700 000 Mann katapultierte und im Laufe des Krieges zehn Millionen zu den Waffen rief. Denn Hitler werde, orakelte der Reichskriegsminister' »durch seine Intuition bei der kommenden Weltenwende siegen«. Am Vorabend des Krieges war Hitlers Wehrmacht folgsam genug, um ein Revirement in der Führungsspitze hinzunehmen, das Historiker Müller als »entscheidenden Markstein auf dein Wege zur fortschreitenden Entmachtung der Streitkräfte« wertet. Es genügten ein Heiratsskandal und eine Verleumdung."
"30","0.7738251686096191","Briefe","1968-02-18","1968","8","","","","https://www.spiegel.de/politik/npd-witz-a-ce475b95-0002-0001-0000-000046122752?context=issue","","1968-1972","(Nr. 4/1968, Briefe) Mit ihrem jüngsten Werbegag, NPD-Propaganda-Briefe durch stilisiertes Hitler-Porträt auf dem Umschlag liebenswürdigerweise gleich für die Ablage (Papierkorb) zu kennzeichnen, mach...","650","(Nr. 4/1968, Briefe) Mit ihrem jüngsten Werbegag, NPD-Propaganda-Briefe durch stilisiertes Hitler-Porträt auf dem Umschlag liebenswürdigerweise gleich für die Ablage (Papierkorb) zu kennzeichnen, machen sich die rechten Deutschen (wohl unbeabsichtigt) über sich selbst lustig. Daß sich die NPD aber als Opfer für ihren neuesten Witz in Herrn John M. Steiner ausgerechnet einen amerikanischen Gast einer deutschen Universität aussucht, ist wirklich peinlich. Hamburg ERNST WEiNRICH Diesbezüglich: Halberg-Wecgen (Nrdrh.-Westf.) Jupp WOLTER Karikaturist* * für das »Deutsche Allgemeine Sonntagsblatt«, »Welt der Arbeit«, »Stuttgarter Nachrichten« u. a."
"31","0.7735743522644043","Kant bis Kalinin","1970-06-14","1970","25","","['Fernsehen', 'Städte Im Osten']","","https://www.spiegel.de/kultur/kant-bis-kalinin-a-32667d31-0002-0001-0000-000044931192?context=issue","","1968-1972","Sie erinnern sich noch gut: an die Vertreibung, die Massaker, die Plünderungen und an ihr friedliches Leben davor. Als »historische Berater« haben Heimatkundler aus den bundesdeutschen Landsmannschaft...","641","Sie erinnern sich noch gut: an die Vertreibung, die Massaker, die Plünderungen und an ihr friedliches Leben davor. Als »historische Berater« haben Heimatkundler aus den bundesdeutschen Landsmannschaften dem WDR-Team bei seiner Chronik assistiert. Trotzdem ist diese Inventur von jeglicher Vertriebenen-Propaganda frei. Denn Bauer und von Morr machen mit Ausschnitten aus NS-Wochenschauen, mit Gauleiter-Parolen und Goebbels-Tiraden durchaus klar, daß deutsche Großmannssucht zum Verlust Ostpreußens, Pommerns und Schlesiens geführt hat. »Am tragischen Schicksal der Ostprovinzen«, so der Kommentar, »ist der Unsinn des Nationalismus schuld.«"
"32","0.7733637690544128","Tief eingetaucht","1969-07-27","1969","31","","['Zeitgeschichte', 'Wehrmacht']","","https://www.spiegel.de/politik/tief-eingetaucht-a-34736d1d-0002-0001-0000-000045789118?context=issue","","1968-1972","Wir sind Nationalsozialisten auch ohne Parteibuch, die besten, ernstesten, treuesten. Die Wehrmacht ist die einzige, letzte, größte Hoffnung des Führers« -- so sprach Generalmajor Walter von Reichenau...","1450","Wir sind Nationalsozialisten auch ohne Parteibuch, die besten, ernstesten, treuesten. Die Wehrmacht ist die einzige, letzte, größte Hoffnung des Führers« -- so sprach Generalmajor Walter von Reichenau im Jahre 1935. Es war zur Hälfte wahr. Sie waren nicht allemal die besten, doch auch nicht die schlechtesten. Deutschlands Wehrmacht war kaum die einzige Hoffnung Adolf Hitlers, doch letzten Endes seine letzte. Und sie war -- selber in hoffnungsvoller Erwartung -- von Anbeginn dabei. Generalmajor von Reichenau, Ministeramts-Chef im Reichswehrministerium, wollte »hinein in den neuen Staat und dort die uns gebührende Position behaupten«. Denn »niemals« so befand er bei seinem Amtsantritt am 6. Februar 1933, »war die Wehrmacht identischer mit dem Staat als heute. Daß dieser Staat eine »legale Diktatur« zu werden versprach, kümmerte ihn nicht: »Morsches muß fallen, das kann mit Terror geschehen.« Reichswehrminister Generaloberst Werner von Blomberg sah in dem neuen Kabinett »Ausdruck breiten nationalen Wollens«. und der Kanzler * Mit Reichskriegsminister von Blomberg (M.), dem Oberbefehlshaber der Kriegsmarine, Raeder (li.), und dem Oberbefehlshaber des Heeres, von Fritsch (2. v. l.), beim Staatsbegräbnis für Generaloberst von Seeckt. ** Klaus-Jürgen Müller: »Das Heer und Hitler. Armee und nationalsozialistisches Regime«. Deutsche Verlags-Anstalt, Stuttgart: 712 Seiten; »38 Mark. *** Manfred Messerschmidt: »Die Wehrmacht im NS-Staat."
"33","0.7731842398643494","Gesundes Volksempfinden","1965-03-09","1965","11","","['Ns-Verbrechen', 'Verjährung']","","https://www.spiegel.de/politik/gesundes-volksempfinden-a-1f7866d8-0002-0001-0000-000046169719?context=issue","","1963-1967","Es war die Zeit, da Deutsche den Bauch wieder voll und den Kopf frei für Überlegungen hatten: derart etwa, ob in den Gettos und Konzentrationslagern nicht sechs Millionen Juden, sondern womöglich nur ...","1490","Es war die Zeit, da Deutsche den Bauch wieder voll und den Kopf frei für Überlegungen hatten: derart etwa, ob in den Gettos und Konzentrationslagern nicht sechs Millionen Juden, sondern womöglich nur fünf Millionen umgebracht worden seien. Der Jargon änderte sich. Was bis dahin als »Kriegsverbrecher« galt, verniedlichte sich in der Umgangssprache zu »Kriegsverurteilter«. Und als 1955 die Verfolgung von NS-Verbrechen ausschließlich Sache der deutschen Justiz wurde, waren die Alliierten längst dabei, bestrafte Nazis zu begnadigen. Unter den Begnadigten waren zum Beispiel die bis dahin noch nicht hingerichteten 300, in scharlachrote Jacken gekleideten Todeskandidaten (""Rotjakken"") aus dem Zuchthaus Landsberg -Männer hoher NS-Ränge und schwerer Schuld, die nun von der deutschen Justiz nicht noch einmal belangt werden konnten. Gegen eine Reihe anderer NS-Deutscher durften die bundesrepublikanischen Behörden, weil alliierte Verfahren voraufgegangen waren, aufgrund des sogenannten Überleitungsvertrags nicht einmal mehr ermitteln. Auf diese Weise wurden der frühere Oberreichsanwalt Dr. Lautz, die KZ-Ärztin Dr. Oberheuser, der Einsatzgruppenchef SS-Standartenführer Professor Six der westdeutschen Gerichtsbarkeit entzogen. Der frühere Generalbundesanwalt Max Güde formulierte das Dilemma: »Jetzt werden Niederrangige angeklagt und verurteilt, und der Höherrangige ist seit Jahren auf freiem Fuß und nicht mehr zu belangen. Dieses ungleiche Recht ist eins der bittersten Probleme.«"
"34","0.7728196382522583","Böse Absicht","1968-05-26","1968","22","","['Zeitgeschichte', 'Ns-Alltag']","","https://www.spiegel.de/politik/boese-absicht-a-c4b0cd6f-0002-0001-0000-000046039785?context=issue","","1968-1972","Sie bezieht unsere Presse nicht und steht in engster Verbindung mit dem Klerus, Wie mir vertraulich mitgeteilt wurde, ist A. alles andere, nur nicht Nationalsozialist. Ihre ganze jetzige Einstellung u...","805","Sie bezieht unsere Presse nicht und steht in engster Verbindung mit dem Klerus, Wie mir vertraulich mitgeteilt wurde, ist A. alles andere, nur nicht Nationalsozialist. Ihre ganze jetzige Einstellung uns gegenüber ist nur als Schein zu betrachten, um ihre Stellung zu behaupten.« Berichtet wurde über alles, was das Volk beschäftigte, so über eine »geschichtliche Gegenüberstellung«, die 1943 in Trier kursierte: Jeweils 129 Jahre lägen zwischen der Französischen und der Deutschen Revolution (1918), der Kaiserkrönung Napoleons und Hitlers Wahl zum Reichskanzler, Napoleons und Hitlers Einzug in Wien, Napoleons und Ritters Feldzug gegen Rußland. Und: Da Napoleon 1814 Frieden geschlossen habe, werde der Zweite Weltkrieg 129 Jahre später, im Jahre 1943, zu Ende gehen. Da stimmte die Rechnung nicht mehr."
"35","0.7727875709533691","Victor Klemperer: »Die unbewältigte Sprache«.","1966-07-24","1966","31","","['Auswahl']","","https://www.spiegel.de/kultur/victor-klemperer-die-unbewaeltigte-sprache-a-7f40cd72-0002-0001-0000-000046408319?context=issue","","1963-1967","Der Philologe, einer der wenigen deutschen Juden, die in Deutschland überlebten, hat mitten im Dritten Reich die charakteristischen Floskeln des NS-Sprachgebrauchs in sein Notizbuch eingetragen und ko...","591","Der Philologe, einer der wenigen deutschen Juden, die in Deutschland überlebten, hat mitten im Dritten Reich die charakteristischen Floskeln des NS-Sprachgebrauchs in sein Notizbuch eingetragen und kommentiert - ein Glücksfall präziser Analyse am lebenden Objekt. 1946 erschienen Klemperers authentisch kritische Notizen unter dem Titel »LTI« (Lingua Tertii Imperii) in der sowjetisch besetzten Zone. Seither sind sie nicht veraltet. Zwei Jahrzehnte nach der Erstausgabe nun in der Bundesrepublik neu aufgelegt, erweist sich das Buch als immer noch aktuell. (Melzer; 316 Seiten; 19,80 Mark.)"
"36","0.7727769613265991","Grüne Minna","1968-08-04","1968","32","","['Bonn', 'Parteien']","","https://www.spiegel.de/politik/gruene-minna-a-04cacbae-0002-0001-0000-000046020796?context=issue","","1968-1972","Andere populäre Themen lassen die NPD auf weiteren Auftrieb hoffen: * die Angst vor Kriminalität, die laut Allensbacher Umfragen bei westdeutschen Menschen größer ist als alle anderen Ängste; * die Üb...","927","Andere populäre Themen lassen die NPD auf weiteren Auftrieb hoffen: * die Angst vor Kriminalität, die laut Allensbacher Umfragen bei westdeutschen Menschen größer ist als alle anderen Ängste; * die Überfremdung der deutschen Wirtschaft durch ausländisches Kapital; * viele steuerzahlende Bundesbürger reizt es bis aufs Blut, daß ihnen auf den deutschen Autobahnen gebührenfrei durchreisende Holländer, Belgier und Skandinavier Fahrweise und Tempo vorschreiben; * in der föderativen westdeutschen Republik können einfachste Dinge des Alltagslebens, wie einheitliche Schulverhältnisse, wegen unausgewogener Kompetenzen zwischen schwachem Bund und starken Ländern nicht befriedigend geregelt werden. Da Bonns Große Koalition vor lauter Ausklammern bislang nicht zu spektakulären Entscheidungen gekommen ist, werden Wahlen immer mehr vom Alltagsärger der Bundesbürger bestimmt. Die NPD darf noch auf viele Demokratie-Muffel hoffen."
"37","0.7726362347602844","Briefe","1966-10-02","1966","41","","","","https://www.spiegel.de/politik/leitendes-proletariat-a-201d8041-0002-0001-0000-000046414374?context=issue","","1963-1967","Ihre Ausgangspointe in der NSU-Wankel-Geschichte »Es geht noch rund« bedarf der Richtigstellung, denn die Leser und auch unsere Aktionäre könnten meinen, die NSU-Geschäftsleitung habe nichts anderes i...","1203","Ihre Ausgangspointe in der NSU-Wankel-Geschichte »Es geht noch rund« bedarf der Richtigstellung, denn die Leser und auch unsere Aktionäre könnten meinen, die NSU-Geschäftsleitung habe nichts anderes im Sinn, als ihre Bezüge zu begradigen. Abgesehen davon, daß der Vorstand in einer Aktiengesellschaft gar nicht befugt ist, sich selbst die Gehälter zu erhöhen, kann im vorliegenden Fall von einer solchen Maßnahme dem unterlegten Sinne nach gar nicht die Rede sein. Die Gehaltskorrekturen, von denen Sie wohl gehört haben, betrafen einen Kreis von 27 leitenden Mitarbeitern, nämlich jene, deren Gehälter außerhalb der Tarife vereinbart waren. Während die Tarifgehälter, wie jedermann weiß, im Laufe der letzten Jahre automatisch stattliche Erhöhungen mitmachten, blieben die Einkünfte der Außertariflichen stehen. Um zu verhindern, daß letzten Endes ein, wenn Sie so wollen, leitendes Proletariat entstünde, wurden die Gehälter dieser Männer in den letzten Monaten den Tariferhöhungen sinngemäß und nicht einmal prozentual angeglichen. Ich halte diese Maßnahme für ganz normal und gerecht, zumal ich selbst auch betroffen war. Neckarsulm ARTHUR WESTRUP NSU Motorenwerke Aktiengesellschaft Presseabteilung"
"38","0.772630512714386","Über alles in der Welt","1966-01-02","1966","1","","['Bonn', 'Wohlstand']","","https://www.spiegel.de/politik/ueber-alles-in-der-welt-a-66b2e5d0-0002-0001-0000-000046265190?context=issue","","1963-1967","Deutsche Mahlzeit 1945: Nach Hunger, Not und Aufstieg ... ... die Menetekel einer neuen Krise: Wohlstands-Büfett 1965 Wohlstands-Symbole (Krupps »Germania VI«; Hortens Fokker Friendship): Der Konsum b...","1241","Deutsche Mahlzeit 1945: Nach Hunger, Not und Aufstieg ... ... die Menetekel einer neuen Krise: Wohlstands-Büfett 1965 Wohlstands-Symbole (Krupps »Germania VI«; Hortens Fokker Friendship): Der Konsum bestimmt... ... den gesellschaftlichen Kurswert: Wohlstands-Symbole (Münemann-Eigenheim; Sachs-Begleitung) Frierende Deutsche, Kohlenzug (1946): Auf dem niedrigsten Stand ... ... in der Geschichte des Westens: Hungernde Deutsche, Roßschlächter (1946) Liebe 47: Nur für jeden dritten Toten einen Sarg Tauschanzeigen in Hamburg 1947: Sechs Hühner gegen ein Paar Stiefel Razzia auf Schwarzhändler 1947: 25 Mark für eine Zigarette Ausgabe von Deutscher Mark 1948: Banknoten ohne Unterschrift Vernichtung von Reichsmark 1948: Sterne aus der Asche Schauspieler Fröbe 1948, 1965*: »Geschlagen und gedemütigt sind sie heute ... ... pro Kopf die reichste Nation der Welt"": Wirtschaftswunder-Männer Nordhoff, Krupp, Erhard, Springer in den Nachkriegsjahren Autobahn Wiesbaden-Frankfurt: Zum zweitenmal rückten die Deutschen aus ... ... um Europa zu erobern: Contracta-Häuser in Spanien Kabarettistin Lore Lorentz »Fühlen Sie sich auch so unbehaglich?« Copyright: Die Welt (Hicks) Zu wild gefahren ... * Als »Normalverbraucher, (l.) und als »Goldfingel«"
"39","0.7721707224845886","MeIita Maschmann: »Fazit«.","1963-05-07","1963","19","","['Neu Erschienen']","","https://www.spiegel.de/kultur/meiita-maschmann-fazit-a-128622db-0002-0001-0000-000045143429?context=issue","","1963-1967","In Form eines Briefes an eine jüdische Jugendfreundin gibt die heute 45jährige Romanautorin (""Die Aschenspur""), ehemals BDM-Pressereferentin und Arbeitsdienst-Führerin, Rechenschaft über ihre inzwisch...","949","In Form eines Briefes an eine jüdische Jugendfreundin gibt die heute 45jährige Romanautorin (""Die Aschenspur""), ehemals BDM-Pressereferentin und Arbeitsdienst-Führerin, Rechenschaft über ihre inzwischen bewältigte Nazi-Vergangenheit. Sie fragt sich, wie sie vom Nationalsozialismus bis zur intellektuellen und ethischen Blindheit und bis zu Anwandlungen von Unmenschlichkeit fasziniert werden konnte, und findet Teilantworten einerseits in den durch das bourgeoise Elternhaus vermittelten nationalsozialistischen Ressentiments, andererseits in ihrem jugendlich-romantischen Affekt gegenüber der »Bürgerlichkeit« eben jenes Elternhauses. Nicht das ganze Ausmaß der Verblendung kann auf diese Weise erklärt werden. Dennoch hat Melita Maschmanns aufrichtiges »Fazit« (Untertitel: »Kein Rechtfertigungsversuch"") als Studie der politischen Verführbarkeit jugendlichen Diensteifers ihren Wert. (Deutsche Verlags-Anstalt, Stuttgart; 224 Seiten; 7,80 Mark.)"
"40","0.7720513343811035","Comics vom bösen deutschen Wolf","1978-01-29","1978","5","","","","https://www.spiegel.de/kultur/comics-vom-boesen-deutschen-wolf-a-59047574-0002-0001-0000-000040616985?context=issue","","1978-1979","Die Franzosen als friedlichgroßmütige Hasen, die Engländer als Bulldoggen, die Amerikaner als Büffel, die Russen als Bären. die Japaner als Affen und die Deutschen als grausam-eroberungsgierige Wölfe....","934","Die Franzosen als friedlichgroßmütige Hasen, die Engländer als Bulldoggen, die Amerikaner als Büffel, die Russen als Bären. die Japaner als Affen und die Deutschen als grausam-eroberungsgierige Wölfe. Hitler als böser tollwütiger Ober-Wolf -- so stellte, vor 33 Jahren, der französische Comic-Zeichner Calvo die Kombattanten des Zweiten Weltkriegs dar. Calvos Bilderbuch »Die Bestie ist tot. Der Zweite Weltkrieg bei den Tieren«, mit einem Text seines Verlegers Dancette 1945 in Paris erschienen, ist jetzt vom Abi Melzer Verlag (6072 Dreieich) in einer deutschen Ausgabe (19,80 Mark) herausgebracht worden -- ein Vergnügen für Freunde historischer Comies, weniger für Historiker. Vorwort-Autor Iring Fetscher über das Buch: »Ein Beispiel patriotischer Trivialliteratur«, voller »gefährlicher Vereinfachungen« und nicht frei von eben jenem chauvinistischen Rassismus, den die Autoren in seiner nazideutschen Version bekämpfen wollten."
"41","0.7720147967338562","Briefe","1953-01-20","1953","4","","","","https://www.spiegel.de/politik/hart-hart-extra-hart-a-d8137d35-0002-0001-0000-000025655678?context=issue","","1953-1957","(Nr. 47/52, Internationales) Der Artikel wäre noch dahin zu ergänzen, daß auch der französische Marschall Juin und eigentlich alle beteiligten westlichen Völker, die 1945 am liebsten jeden deutschen U...","609","(Nr. 47/52, Internationales) Der Artikel wäre noch dahin zu ergänzen, daß auch der französische Marschall Juin und eigentlich alle beteiligten westlichen Völker, die 1945 am liebsten jeden deutschen Uniformträger ausgelöscht hätten, jetzt solche deutschen Divisionen wünschen und erwarten, wie sie sie in den beiden Weltkriegen kennen und fürchten gelernt haben. Für in Uniform gesteckte Philosophen und Debattierklubs, wie sie manchem Bonner Politiker vorschweben, haben sie gar keine Meinung. Und das mit Recht: Es wäre schade um das Geld, das an solche Attrappen verschwendet würde. Hamburg Vincent Rettich"
"42","0.7716665267944336","Mehr gesprochen","1967-04-02","1967","15","","['Presse Völkischer Beobachter']","","https://www.spiegel.de/politik/mehr-gesprochen-a-e8818dd6-0002-0001-0000-000046437602?context=issue","","1963-1967","Selbst Weißens Artikel verrieten einen wachsend kritischen Akzent; der »Neuen Zürcher Zeitung« fiel auf, daß der VB-Chef zu den wenigen Journalisten Adolf Hitlers gehörte, die ein fast ungeschminktes ...","503","Selbst Weißens Artikel verrieten einen wachsend kritischen Akzent; der »Neuen Zürcher Zeitung« fiel auf, daß der VB-Chef zu den wenigen Journalisten Adolf Hitlers gehörte, die ein fast ungeschminktes Bild der Kriegslage gaben. Am 30. April 1945 druckte Wilhelm Weiß in München die letzte Nummer des »Völkischen Beobachter« mit der sechsspaltigen Schlagzeile: »Großschlacht um Bayern«. Sie erreichte die Deutschen nicht mehr -- Amerikas Panzer rollten schon durch die Straßen und signalisierten das Ende."
"43","0.7712169885635376","Briefe","1951-05-14","1951","20","","","","https://www.spiegel.de/politik/strafsoldaten-a-a29b083f-0002-0001-0000-000029193951?context=issue","","1948-1952","(Spiegel-Serie) Wir alle hofften, daß das Ausland einsieht, daß in Deutschland nicht nur Verbrecher leben, wie man 1945 wohl allgemein annahm. Warum publizieren Sie immer wieder nur die deutschen Verb...","1289","(Spiegel-Serie) Wir alle hofften, daß das Ausland einsieht, daß in Deutschland nicht nur Verbrecher leben, wie man 1945 wohl allgemein annahm. Warum publizieren Sie immer wieder nur die deutschen Verbrechen an der Menschlichkeit und diskriminieren damit Deutschland? Jeder weiß, daß in den KZ und Strafkompanien nicht nur »Politische« saßen, es waren zum großen Teil Verbrecher; bedauerlich genug, daß die Politischen mit darunter leiden mußten. Soll aber die Kollektivbehandlung nun ein Dauerzustand bleiben? Ist es nicht derselbe Fehler, den das 1000jährige Reich machte? Haben nicht Millionen Unschuldige und Vertriebene unter solcher Methode unendlich Schweres ertragen müssen? Wenn Sie glauben, die Verbrechen von Deutschen während des Krieges immer wieder breittreten zu müssen, so müssen Sie gerecht sein und auch die Unmenschlichkeiten schildern, die nach 1945 geschahen, also in einer Zeit, in der keine Kriegsnotwendigkeit als Entschuldigung vorgebracht werden kann. Durch Ihre einseitige Einstellung erreichen Sie ja nur die Radikalisierung des deutschen Volkes, ebenso wie es die Alliierten verstanden haben, durch ihre Art die Deutschen zu behandeln, den Europagedanken, der die einzige Möglichkeit eines langen Friedens bietet, mit Füßen zu treten. Winsen/Luhe Wilhelm Jacöbi"
"44","0.7707852125167847","Einheitsfront gegen die Störenfriede","1978-01-08","1978","2","","","","https://www.spiegel.de/politik/einheitsfront-gegen-die-stoerenfriede-a-f59cac4b-0002-0001-0000-000040693710?context=issue","","1978-1979","Manches in dem Text sei »glatter Unsinn«, anderes »fast schon als naiv zu bezeichnen«, die Diagnose »etwas simpel«, und eine Passage klinge »populär, aber nach Asphalt-Presse«. Bewußt oder unbewußt st...","1493","Manches in dem Text sei »glatter Unsinn«, anderes »fast schon als naiv zu bezeichnen«, die Diagnose »etwas simpel«, und eine Passage klinge »populär, aber nach Asphalt-Presse«. Bewußt oder unbewußt stützten die Bonner Sozialdemokraten die offizielle Ost-Berliner Lesart, das Dokument sei nicht authentisch und nur dazu bestimmt, die innerdeutsche Entspannung zu stören. Die massive Reaktion der SED ist nicht verwunderlich, gerät doch die herrschende Klasse in der DDR, seit Monaten ohnehin mit nur noch schwer zu beherrschenden innenpolitischen und ökonomischen Problemen beschäftigt, durch die scharfe Absage aus den eigenen Reihen merklich unter Druck. Erstaunlich hingegen erscheint auf den ersten Blick die Verlegenheit der Sozialdemokraten gegenüber den Forderungen der »Demokratischen Kommunisten«. Obwohl die SED-Kritiker von der Demokratisierung der Gesellschaft bis hin zur Wiedervereinigung Forderungen erheben, die mit Grundsätzen und Zielen der SPD teilweise übereinstimmen, vermied die westdeutsche Arbeiterpartei in der vergangenen Woche peinlich jede inhaltliche Auseinandersetzung mit dem Manifest. Und weil nicht sein kann, was nicht sein darf, erklärte der Innerdeutsche Minister Egon Franke, er glaube nicht an eine organisierte Form der Opposition in der DDR. Der SPD-Abgeordnete und Vorsitzende des Innerdeutschen Bundestags-Ausschusses, Kurt Mattick« assistierte dem Genossen naiv: Solange das Papier nicht unterschrieben sei, könne man mit ihm auch nicht viel anfangen."
"45","0.7705467343330383","MEIN KAMERAD STAUFFENBERG","1959-02-24","1959","9","","","","https://www.spiegel.de/politik/mein-kamerad-stauffenberg-a-a5864927-0002-0001-0000-000042624624?context=issue","","1958-1962","Später entdeckte ich bei der Lektüre amtlicher Akten, daß mir selbst Offizierskameraden meine freundliche Einstellung gegenüber jenen Deutschen, die mit der Nazi-Bewegung nichts zu schaffen hatten, un...","547","Später entdeckte ich bei der Lektüre amtlicher Akten, daß mir selbst Offizierskameraden meine freundliche Einstellung gegenüber jenen Deutschen, die mit der Nazi-Bewegung nichts zu schaffen hatten, und meine Berichte über Deutschland als Sympathie für den Nationalsozialismus ausgelegt hatten. Wer mir wegen meiner deutschen Abstammung mißtraute, hatte wohl die Tatsache übersehen, daß viele hervorragende Militärführer Amerikas - Krueger, Nimitz, Eichelberger, Ollendorf, Stratemeyer, Spaatz und Eisenhower - deutscher Herkunft sind. Stauffenberg"
"46","0.7701708078384399","Briefe","1970-04-05","1970","15","","","","https://www.spiegel.de/politik/schon-1938-a-5cd68d08-0002-0001-0000-000045197301?context=issue","","1968-1972","(Nr. 14/1970, Briefe) Ihr Leser Willi R. Rothe aus Idar-Oberstein greift meine Mandantin Luise Rinser mit der völlig falschen und unsachlichen Behauptung an, sie habe im Dritten Reich Hitler gelobt un...","660","(Nr. 14/1970, Briefe) Ihr Leser Willi R. Rothe aus Idar-Oberstein greift meine Mandantin Luise Rinser mit der völlig falschen und unsachlichen Behauptung an, sie habe im Dritten Reich Hitler gelobt und angehimmelt; sie habe nämlich in einem Gedicht »Junge Generation« markige Aussprüche im Stil der Nationalsozialisten getan. Frau Rinser, die wegen ihrer konsequenten Gegnerschaft zum Nationalsozialismus schon 1938 den Schuldienst quittieren mußte und die 1944 wegen defaitistischer Äußerungen verhaftet und schließlich zum Tode verurteilt worden ist, steht dem Verdacht fern, daß sie sich jemals für das Dritte Reich eingesetzt hätte. München DR. KLAUS BOELE"
"47","0.7699925899505615","Briefe","1953-06-23","1953","26","","","","https://www.spiegel.de/politik/nahum-goldmann-a-2835859c-0002-0001-0000-000025656572?context=issue","","1953-1957","(Nr. 16/53, Deutschland) Ist Ihnen bekannt, daß Nahum Goldmann zu jenen deutschen Juden zu rechnen ist, die als ideologische Wegbereiter des Nationalsozialismus angesehen werden müssen? Urteilen Sie s...","1353","(Nr. 16/53, Deutschland) Ist Ihnen bekannt, daß Nahum Goldmann zu jenen deutschen Juden zu rechnen ist, die als ideologische Wegbereiter des Nationalsozialismus angesehen werden müssen? Urteilen Sie selbst. Der 1894 in Wischnewo geborene Nahum Goldmann schreibt in seiner 1915 erschienenen Broschüre »Der Geist des Militarismus« unter anderem folgendes: »Es gibt kein zweites Gebilde in unserer Zeit, das die große und schwere Aufgabe, aus einer Anzahl von Einzelmenschen einen neuen, geschlossenen und einheitlichen Organismus zu machen, so vollkommen gelöst hat wie die Armee. - Welcher Gedanke aber kommt in dieser großen Leistung des militärischen Geistes zur Verwirklichung, wenn nicht die Idee des Organismus? - Der Geist der modernen Wirtschaft ist nichts anderes als militärischer Geist; diese Fabriken sind in der Tat Kasernen, diese Arbeiter in Wirklichkeit Soldaten. Es ist die militaristische Form des Zusammenwirkens, die das Wesen unserer heutigen Wirtschaftsform geformt hat. - Die Ausdehnung und Entfaltung der deutschen Wirtschaft ist ohne den Staat gar nicht denkbar. - Stets war der Staat, das Kollektivum, ein Hauptfaktor des deutschen Wirtschaftslebens. - Nur der militaristische Geist kann die Lösung der sozialen Frage oder, was dasselbe ist, die Organisation des neuen Gesellschaftssystems vollbringen.« Berlin-Wannsee Willy Huhn"
"48","0.7698898315429688","Bundesbahn","1972-03-26","1972","14","","","","https://www.spiegel.de/wirtschaft/bundesbahn-a-8c26bd96-0002-0001-0000-000042972059?context=issue","","1968-1972","Gegendarstellung: Ihr Artikel »Verluste runterfahren« in der Ausgabe von DER SPIEGEL, Nr. 13 vom 20. März 1972, Seite 32/33, ist, soweit er mich betrifft, in folgenden Punkten unwahr: 1. Sie schreiben...","523","Gegendarstellung: Ihr Artikel »Verluste runterfahren« in der Ausgabe von DER SPIEGEL, Nr. 13 vom 20. März 1972, Seite 32/33, ist, soweit er mich betrifft, in folgenden Punkten unwahr: 1. Sie schreiben, wenn auch als Behauptung von Herrn Fred Zander, ich sei Mitarbeiter bei dem Reichssicherheitshauptamt gewesen. Hierzu erkläre ich, daß ich niemals Mitarbeiter dieser Behörde war. 2. Ich habe niemals der SS angehört. 3. Ich gehörte auch nicht zu der nach dem Urteil von Nürnberg als verbrecherisch erklärten Gruppe des SD."
"49","0.7697126269340515","Briefe","1951-07-24","1951","30","","","","https://www.spiegel.de/politik/mensur-fechten-a-5988a202-0002-0001-0000-000029194440?context=issue","","1948-1952","(Nr. 25/51, Deutschland) Nach dem Grundgesetz und dem StGB können weder die Bestimmungsmensuren noch die sogenannten schlagenden Verbindungen verboten werden, sofern ihre Satzungen - und ihre Taten! -...","1339","(Nr. 25/51, Deutschland) Nach dem Grundgesetz und dem StGB können weder die Bestimmungsmensuren noch die sogenannten schlagenden Verbindungen verboten werden, sofern ihre Satzungen - und ihre Taten! - nicht gegen die freiheitliche demokratische Grundordnung verstoßen. Da wäre es von Interesse, zu erfahren, wie die farbentragenden schlagenden Verbindungen heute zur Rassenfrage stehen. Der Kösener S. C. z. B. hat immer eine sehr eindeutige antisemitische Stellung bezogen und auch in seinen Satzungen einen entsprechenden Paragraphen formuliert. Sollten die Alten Herren aus Dritten-Reich- und Weltkrieg-II-Erlebnissen inzwischen gelernt haben? Hannover Hermann Roth Peinlich, sehr peinlich für die Rektoren wie die Studenten, wenn schlagende Korporationen aus der Schweiz in echter europäischer Solidarität ihren deutschen Freunden sagen: »Wenn Ihr fechten wollt, dann kommt doch zu uns herüber, denn wir leben in einer freien Demokratie.« Von der wahren demokratischen Freiheit sind wir noch weit entfernt. Anstatt die studierende Jugend noch mehr für sich zu gewinnen, stößt man sie ganz unnütz vor den Kopf. Können wir Deutschen uns denn gar nicht einmal zu einer wirklichen Duldsamkeit durchringen? In diesem Falle wäre es keine Strapazierung, denn - : dem deutschen Volk ist alles ganz und gar wurscht. Köln-Birkendorf Dr. W. Franz"
"50","0.769636869430542","People ans Gewehr","1964-09-29","1964","40","","['England']","","https://www.spiegel.de/kultur/people-ans-gewehr-a-cd8faf61-0002-0001-0000-000046175588?context=issue","","1963-1967","Auch einige Textstellen sind höchst authentisch: Frank Bennett, ein englischer Nazi-Führer rechts von Mosley, den Brownlow und Mollo zunächst nur als Berater herangezogen hatten, war schließlich auch ...","1135","Auch einige Textstellen sind höchst authentisch: Frank Bennett, ein englischer Nazi-Führer rechts von Mosley, den Brownlow und Mollo zunächst nur als Berater herangezogen hatten, war schließlich auch bereit, als Nazi mitzuspielen. Vor der Kamera durfte er mit eigenen Worten eine Rede für die »neue Herrenmenschen-Rasse« und gegen das »kapitalistisch-bolschewistische Judentum« improvisieren. Bennett, nach der Aufführung des Films in Cork: »Ich hoffe, ich werde manche Kinobesucher überzeugen. Als Nationalsozialist fühlte ich mich zur Mitwirkung in diesem Film verpflichtet.« Als Bennett vor der kamera einmal alle Juden nach Madagaskar wünschte, legte ein jüdischer Kameramann die Arbeit nieder. Bei den Aufnahmen zu einer Nazi-Kundgebung auf dem Trafalgar Square wurde ein Nazi-Nazi -Darsteller von einem Passanten niedergeschlagen. Produzent Mollo: »Es brodelte dauernd.« Einen Verleih für ihren Film »It happened here«, der insgesamt 78 6000 Mark kostete, haben Brownlow und Mollo bislang noch nicht gefunden. Filmproduzenten Brownlow, Mollo Letten engagiert Brownlow-Film »Es geschah hier« Ein Kameramann legte die Arbeit nieder"
"51","0.7696111798286438","Briefe","1953-02-17","1953","8","","","","https://www.spiegel.de/politik/nau-nau-a-70042f2c-0002-0001-0000-000025655857?context=issue","","1953-1957","Selbst Personen, die nie einer NS-Organisation angehört hatten und erst nach 1945 zu meinem privaten Bekanntenkreis zählten, mußten bei dieser Gelegenheit ins Gefängnis wandern. Degerndorf-Brannenburg...","521","Selbst Personen, die nie einer NS-Organisation angehört hatten und erst nach 1945 zu meinem privaten Bekanntenkreis zählten, mußten bei dieser Gelegenheit ins Gefängnis wandern. Degerndorf-Brannenburg E. Müller In Ihrem ausgezeichneten Artikel über die »Nau - Nau - Bewegung« und die britischen Beweggründe für ihre »Aushebung« erwähnen Sie die Operation »Selection Board«, die im Februar 1947 von den Engländern erfunden wurde, um in Moskau bei der Viererkonferenz mit handgreiflichen Beweisen für ihre Nazifeindlichkeit"
"52","0.7695867419242859","»Deutschland bleibt«","1975-05-04","1975","19","","","","https://www.spiegel.de/politik/deutschland-bleibt-a-1cdb78e6-0002-0001-0000-000041558736?context=issue","","1973-1977","Aus Stalins Befehl Nr. 55 vom 23. Februar 1942: In der ausländischen Presse wird manchmal darüber geschwätzt, daß die Rote Armee das Ziel habe, das deutsche Volk auszurotten und den deutschen Staat zu...","1320","Aus Stalins Befehl Nr. 55 vom 23. Februar 1942: In der ausländischen Presse wird manchmal darüber geschwätzt, daß die Rote Armee das Ziel habe, das deutsche Volk auszurotten und den deutschen Staat zu vernichten. Das ist natürlich ein dummes Gefasel Solche idiotischen Ziele hat die Rote Armee nicht. Es wäre lächerlich, die Hitlerclique mit dem deutschen Volk. mit dem deutschen Staat gleichzusetzen. Die Erfahrungen der Geschichte besagen, daß die Hitler kommen und gehen, aber das deutsche Volk. der deutsche Staat bleibt ... Daß die Sowjetmenschen die Deutschen eben als Deutsche haßten, ist natürlich ebenfalls eine dumme Lüge. Aus Stalins Rede am 6. November 1942: Eine solche Aufgabe wie die Vernichtung Deutschlands haben wir nicht, denn es ist unmöglich, Deutschland zu vernichten. so wie es unmöglich ist, Rußland zu vernichten. Der Kannibale Hitler (erklärt): »Wir werden den Krieg so lange fortsetzen, bis in Rußland keine organisierte militärische Kraft übrigbleibt.« Das ist, wie es scheint, deutlich, wenn auch erzdumm. Eine solche Aufgabe wie die Vernichtung jeder organisierten militärischen Kraft in Deutschland haben wir nicht, denn jeder einigermaßen Gebildete wird verstehen, daß das in bezug auf Deutschland wie Rußland nicht nur unmöglich, sondern auch vom Standpunkt des Siegers unzweckmäßig ist."
"53","0.7695519924163818","Briefe","1950-05-10","1950","19","","","","https://www.spiegel.de/politik/idee-a-1d5f7a9b-0002-0001-0000-000044448319?context=issue","","1948-1952","Zu Ihrer Notiz »Nazismus« in Nummer 15: Auch die Information Control Division-Opinion Surveys Section - der amerikanischen Militärregierung richtete folgende Frage an die Bevölkerung der amerikanische...","647","Zu Ihrer Notiz »Nazismus« in Nummer 15: Auch die Information Control Division-Opinion Surveys Section - der amerikanischen Militärregierung richtete folgende Frage an die Bevölkerung der amerikanischen Besatzungszone: »Glauben Sie, daß der Nationalsozialismus eine schlechte Idee war, oder eine gute Idee schlecht ausgeführt?« Diese Frage wurde von November 1945 bis Dezember 1946 insgesamt 11 mal gestellt. Im Durchschnitt hielten 47 % der Befragten den Nationalsozialismus für eine gute Idee, die lediglich schlecht ausgeführt worden war. 41 % hielten ihn für eine schlechte Idee, während 12 % keine Meinung hatten. Frankfurt/Main ALFRED SCHMITT"
"54","0.7694250345230103","DEM UNTERGANG GEWEIHT","1969-01-26","1969","5","","['Fabian V. Schlabrendorff Über Bodo Scheurig: ""Ewald Von Kleist-Schmenzin""']","","https://www.spiegel.de/kultur/dem-untergang-geweiht-a-cf89e15f-0002-0001-0000-000045861340?context=issue","","1968-1972","Dessenungeacht gab es für ihn keinen Kompromiß. auch nicht in der Geste. So verweigerte er den Hitlergruß und die Flaggenhissung. wie auch die Spende zur NS-Volkswohlfahrt. Wer so lebte, war gezeichne...","1263","Dessenungeacht gab es für ihn keinen Kompromiß. auch nicht in der Geste. So verweigerte er den Hitlergruß und die Flaggenhissung. wie auch die Spende zur NS-Volkswohlfahrt. Wer so lebte, war gezeichnet. Ernst Jünger hat in einem Gespräch über Ewald von Kleist es einmal so ausgedruckt: »Kleist war hochgezüchtet, von sehr empfindlichem verletzbaren Ethos. Ich habe den Typus im Fürsten Sunmyra der Marmorklippen festzuhalten versucht. Daß er dem Untergang geweiht war. ließ schon die Aura ahnen.« Ewald von Kleist hat noch in der Gestapohaft bis zuletzt gekämpft. Aber er schied von dieser Welt als ein Mann, der mit sieh und Gott ins reine gekommen war. Hatte ei früher das Wesen des Glaubens im Gehorsam gesehen, so war ihm im Gefängnis der Begriff der Liebe als das entscheidende Kriterium des Christentums klargeworden. Seine Haltung im Gerichtssaal und auf dem Schafott wurde auch von seinen Gegnern anerkannt. Der Vertreter Martin Bormanns sagt in seinem Fernschreiben, Kleist habe mit dem Vorsitzenden gespielt und habe die Szene beherrscht. Nach der Vollstreckung des Todesurteils erklärte der anwesende Richter des Volksgerichtshofes: »So unangenehm mir der Mann in der Hauptverhandlung gewesen ist, so groll war er, als er wie ein Held in den Tod ging.«"
"55","0.7690884470939636","Briefe","1958-09-09","1958","37","","","","https://www.spiegel.de/politik/gefahr-fuer-das-volk-a-30d8aba3-0002-0001-0000-000041759014?context=issue","","1958-1962","Denn diese Herren waren nachweislich ja größtenteils gar keine Nationalsozialisten - sie sind höchstens »zur gegebenen Zeit« noch rechtzeitig »Parteigenossen« geworden. Sie gehören zu der großen Grupp...","701","Denn diese Herren waren nachweislich ja größtenteils gar keine Nationalsozialisten - sie sind höchstens »zur gegebenen Zeit« noch rechtzeitig »Parteigenossen« geworden. Sie gehören zu der großen Gruppe der Opportunisten, die allemal so lange hundertundzehnprozentig für eine Sache, ein System sind, bis sie »schon immer« dagegen waren. Von erstaunlichen Karrieren dieser Gattung Mensch ließen sich gewißlich noch manche wundersamen Stories erzählen. Aber Sie tun diesen Menschen einerseits Unrecht, andererseits zuviel Ehre an, wenn Sie sie als (ehemalige) Nationalsozialisten bezeichnen. Hamburg-Volksdorf KURT DETTMANN Süddeutsche Zeitung CSU-Löwe Alois: »Moanst vielleicht, mir graust vor gar nix?«"
"56","0.7689335942268372","Manie der Mission","1969-06-22","1969","26","","","","https://www.spiegel.de/kultur/manie-der-mission-a-7c716629-0002-0001-0000-000045702185?context=issue","","1968-1972","Erst das Gefühl, nicht nur Politik zu betreiben, sondern eine Mission zu erfüllen, den verlorenen Sinn der Geschichte wiederherzustellen, liefert denn auch eine Begründung für die manische und zerstör...","977","Erst das Gefühl, nicht nur Politik zu betreiben, sondern eine Mission zu erfüllen, den verlorenen Sinn der Geschichte wiederherzustellen, liefert denn auch eine Begründung für die manische und zerstörerische Konsequenz, die er bis zum Ende beobachtet hat. Jäckel vertritt seine These kühl, nüchtern, mit der Überredungskraft. die aus der Distanz stammt. Vom Nationalsozialismus als der Revolution des Nihilismus« ist nach diesem Buch nicht mehr zu reden, auch wenn der Verfasser seiner Neigung zur Systematisierung der Ideenwelt Hitlers mitunter bedenklich stark nachgibt. Der Autor beklagt, daß Leidenschaft und Engagement die vorurteilsfreie Analyse des Nationalsozialismus so lange beeinträchtigt haben. Gewiß -obwohl sie wiederum auch nicht unbegreiflich sind; verständlicher jedenfalls als der im allzu angestrengten Bemühen um Unvoreingenommenheit dem Verfasser unterlaufene Lapsus, die Ausrottung der Juden »zum Geschenk des Nationalsozialismus an die Welt« zu erklären."
"57","0.768490731716156","Briefe","1952-06-17","1952","25","","","","https://www.spiegel.de/politik/hans-habe-a-a843a7d7-0002-0001-0000-000021977257?context=issue","","1948-1952","(Nr. 22/52, Deutschland) Was ich zu diesem Thema (Habe) noch sagen möchte, wäre folgendes: Wir bekamen als Kriegsgefangene in Amerika unsere Lagerbüchereien vollgestopft mit der Literatur, die bei den...","1167","(Nr. 22/52, Deutschland) Was ich zu diesem Thema (Habe) noch sagen möchte, wäre folgendes: Wir bekamen als Kriegsgefangene in Amerika unsere Lagerbüchereien vollgestopft mit der Literatur, die bei den Nazis verbrannt wurde. (Aus der Schweiz und vom S. Fischer-Verlag, Stockholm.) Wir freuten uns natürlich riesig. Durften wir doch jetzt (gerade wir jüngeren Kriegsgefangenen) ungestört an die Lektüre von Werfel, Zweig, Spengler, Wolff, Baum, Mann, Zuckmayer usw. gehen. Aber es waren auch Werke der »Haß-Epoche« darunter, über deren Ergüsse man entweder nur schallend lachen oder in Anbetracht der ernsten Situation nur stumm mit dem Kopf schütteln konnte. Und dazu gehörte »Ob tausend fallen«. Ich glaube, wenn man dieses Werk des Herrn Habe in Deutschland veröffentlicht hätte, Herr Habe hätte sofort nach der Veröffentlichung schnellstens das Weite suchen müssen. Jetzt scheint endlich der Zeitpunkt gekommen zu sein. Minden Heinz Krügler Unter Habe war ich lediglich als freier Mitarbeiter für die »Münchner Illustrierte« tätig. Erst unter dem Nachfolger Herrn Habes wurde ich Leiter der Reportage-Abteilung der »Münchner Illustrierten«. München. Walter Mechtel."
"58","0.7682226896286011","Mißdeutungen befürchtet","1965-07-20","1965","30","","['20. Juli']","","https://www.spiegel.de/politik/missdeutungen-befuerchtet-a-73e6cfe0-0002-0001-0000-000046273398?context=issue","","1963-1967","Sie waren gesetzestreue Konservative, Liberale oder Sozialdemokraten. Doch wollten sie das Staatsoberhaupt töten. Viele von ihnen waren Antisemiten, doch versuchten sie, die Juden vor NS-Verfolgungen ...","1051","Sie waren gesetzestreue Konservative, Liberale oder Sozialdemokraten. Doch wollten sie das Staatsoberhaupt töten. Viele von ihnen waren Antisemiten, doch versuchten sie, die Juden vor NS-Verfolgungen zu schützen. Sie wollten den Zweiten Weltkrieg verhindern, doch strebten sie danach, Deutschland fast an allen Grenzen zu vergrößern. Sie glaubten, daß die parlamentarische Demokratie sich für die Deutschen nicht eigne, doch opferten sie ihr Leben im Kampf gegen den Diktator Hitler. Die politische Gedankenwelt der deutschen Widerstandsbewegung, die vor 21 Jahren mit dem Attentat des Grafen von Stauffeenberg auf Hitler kulminierte, fügt sich nicht in die Schablonen der politischen Betrachtungsweise von heute. Gleichwohl meint Eugen Gerstenmaier, einst Widerständler unter dem Decknamen »Roggenmüller«, in seinem Buch »Neuer Nationalismus?""*, der 20. Juli habe »einen wesentlichen Beitrag geleistet für die Läuterung und neue Orientierung des deutschen Nationalbewußtseins«. Der heutige Bundestagspräsident leugnet nicht das Riskante seiner These."
"59","0.768181324005127","HARZBURGER FRONT IN BONN","1970-10-18","1970","43","","","","https://www.spiegel.de/politik/harzburger-front-in-bonn-a-7d9244e4-0002-0001-0000-000043801096?context=issue","","1968-1972","Das alte Muster ist immer noch da, auch wenn sich Bonns Politiker noch soviel Mühe gegeben haben, die Unterscheidung von Rechts und Links als überholt, nicht mehr stichhaltig und vorgestrig zu kaschie...","1945","Das alte Muster ist immer noch da, auch wenn sich Bonns Politiker noch soviel Mühe gegeben haben, die Unterscheidung von Rechts und Links als überholt, nicht mehr stichhaltig und vorgestrig zu kaschieren. Es mag für manchen genierlich sein: dies ist eine Klassengesellschaft. Außer dem Bewußtsein davon fehlt ihr keines der einschlägigen Kriterien. Natürlich hat Alex Möller recht gehabt, als er die Schuldigen an den Inflationen nach den beiden Kriegen in die geistige Nähe der CDU/CSU rückte, Es braucht der historischen Beweise nicht. Die einseitig das Kapital begünstigende Steuergesetzgebung in zwanzig Jahren Unions-Regierung stellt die Verbindung zwischen den Machthabern aus den Inflationsjahren und der Partei Kiesingers und Strauß' mühelos her. Arbeitnehmer Katzer mag noch so beleidigt sein: Am Ende, wenn die Stimmen gezählt werden, hat der Wirtschaftsrat der CDU noch immer einmal mehr »Hier!« gerufen, als die soziale Garnierung der Unternehmerpartei es durfte. Wenn Brandt an die »Harzburger Front« erinnert, um die Feinde der jetzigen Regierung zu charakterisieren -- was ist denn daran falsch? Der Trick, mit dem Barzels Opposition solche Vergleiche aus der Welt schaffen will, ist zu simpel, als daß er noch lange verfangen könnte. Stoltenberg (zum Beispiel) ist natürlich zu jung, um Direktor bei Hugenberg gewesen zu sein. Aber was fehlt ihm denn sonst zu einem Deutschnationalen? Hier eben wird Barzels Empörung zur Schmiere: äußerliche Unterschiede, andere Parteinamen und ein anderes Vokabular haben die inneren Verbindungslinien nicht unterbrochen. Im Jahre 1945 hat weniger neu begonnen, als wir uns lange geschmeichelt haben. Dabei muß man gar nicht darauf verweisen, daß der vorige Bundeskanzler NS-Parteigenosse gewesen ist. Was in der politischen Polarisierung der letzten Monate sichtbar wird, reicht weiter zurück als bis zum NS-Regime und ist auch gesellschaftlich prägender, als Hitlers zwölf Jahre gewesen sind."
"60","0.7679452896118164","Briefe","1960-02-09","1960","7","","","","https://www.spiegel.de/politik/reichsmarschall-schwindeln-sie-nicht-a-ecac30ad-0002-0001-0000-000043063244?context=issue","","1958-1962","Selbstverständlich begrüße ich es als Historiker ganz prinzipiell, daß Untersuchungen zur Rekonstruktion der geschichtlichen Wirklichkeit angestellt werden, auch wenn dies nicht in einer anerkannten w...","1958","Selbstverständlich begrüße ich es als Historiker ganz prinzipiell, daß Untersuchungen zur Rekonstruktion der geschichtlichen Wirklichkeit angestellt werden, auch wenn dies nicht in einer anerkannten wissenschaftlichen Zeitschrift geschieht. Ein endgültiges Urteil über das, was Herr Tobias geleistet hat, kann allerdings erst abgegeben werden, wenn seine Untersuchungen als Buch vorliegen. Jetzt nur so viel, daß die Auffindung sehr wichtiger Dokumente ein großes Verdienst darstellt und daß die Beweisführung an manchen Stellen sehr überzeugend ist. Andererseits gibt es aber auch Schwächen in der Argumentation, vor allem etwa dort, wo es um die Beurteilung der Zeugnisse jener geht, die in der einen oder anderen Form »dabeigewesen« sind . . . Aus bisher erschienenen Leserbriefen scheint hervorzugehen, daß viele die Erwartung hegen, die angegriffenen Fachhistoriker möchten sich in den Spalten des SPIEGEL »rechtfertigen«. Das soll für meine Person hiermit in aller Kürze geschehen. Herr Tobias wirft mir insbesondere vor, daß ich das sogenannte Oberfohren-Memorandum nicht als Fälschung erkannt habe. Dazu ist zu sagen, daß mir die Fälschungstheorie seit langer Zeit bekannt ist, daß es aber auch gute Gründe dagegen gab ... Aber auch bei mir haben sich im Laufe der Zeit die Argumente, die für die Möglichkeit einer Fälschung sprechen, verstärkt. Ich habe infolgedessen vor ungefähr einem Jahr diesen Bedenken in meinem von Tobias zitierten Band »Der Nationalsozialismus - Dokumente 1933 bis 1945« insofern Rechnung getragen, als ich in der im Mai 1959 herausgekommenen Neuauflage des Buches von der »angeblichen« Denkschrift Oberfohrens sprach. Ich lege deshalb ganz besonderen Wert darauf, daß den SPIEGEL-Lesern davon Kenntnis gegeben wird, daß die Möglichkeit einer Fälschung von mir schon ausgesprochen worden ist, als die wissenschaftliche Welt den Namen Tobias noch nicht kannte, geschweige denn etwas von seiner Artikel-Serie im SPIEGEL wußte."
"61","0.7676816582679749","Gestrichenes D","1973-04-01","1973","14","","['Ddr']","","https://www.spiegel.de/politik/gestrichenes-d-a-ec6dca49-0002-0001-0000-000042602561?context=issue","","1973-1977","So soll nun kein Zweifel mehr sein, daß die DDR für alle Zeit eine selbständige politische Einheit ist, daß da endlich, wie der Propaganda-Professor Albert Norden sagt, »die sozialistische Nation aufb...","1414","So soll nun kein Zweifel mehr sein, daß die DDR für alle Zeit eine selbständige politische Einheit ist, daß da endlich, wie der Propaganda-Professor Albert Norden sagt, »die sozialistische Nation aufblüht«. Triebkraft für die Abgrenzung ist nicht allein die Befreiung vom Trauma der Anerkennung, sondern auch Sorge ums innere Gleichgewicht, das im Zuge ost-westdeutscher Entspannungspolitik gefährdet sein könnte. Freilich: Die Einheitspartei wird dabei von liebgewonnenen Positionen lassen müssen. Künftig wird die Honecker-SED nicht mehr unter Berufung auf nationale Besonderheiten jenen Sonderstatus im Ostblock fordern können. den Walter Ulbricht für seine DDR stets reklamiert hatte. Denn gerade wegen der Teilstaatlichkeit, so warb Ulbricht bei seinen Partnern stereotyp um Verständnis, habe es die DDR besonders schwer. Sie müsse sich mit einem Klassengegner auseinandersetzen, der sich gleich nebenan organisiert habe, und sie müsse deshalb einen eigenen, eben besonderen Weg zum Sozialismus beschreiten. Zugleich muß die Staatspartei auch im Innern ein neues geschichtliches Selbstverständnis aufrichten. War bislang alles Denken und Handeln auf Konkurrenz zur Bonner Republik angelegt und die Tendenz vorherrschend, die DDR (so der Erlanger Historiker Dr. Frank Reuter) »als die Krönung der gesamtdeutschen Nationalgeschichte ... zu präsentieren«, weist nun DDR-Historiker Ernst Dicht eine neue Richtung."
"62","0.7675697803497314","Der letzte Tog","1963-04-16","1963","16","","['Berlin']","","https://www.spiegel.de/politik/der-letzte-tog-a-6d915894-0002-0001-0000-000045143120?context=issue","","1963-1967","Nun war zwar der »Tag« nach Ansicht des Verlags nicht gegründet worden, um Reichtümer abzuwerfen. Verleger Gradl: »Nicht geschäftliche Interessen oder parteipolitisches Denken gaben den Impuls zu sein...","1303","Nun war zwar der »Tag« nach Ansicht des Verlags nicht gegründet worden, um Reichtümer abzuwerfen. Verleger Gradl: »Nicht geschäftliche Interessen oder parteipolitisches Denken gaben den Impuls zu seiner Arbeit, sondern der Wille zu deutscher Selbstbehauptung gegenüber fremder Unterdrückung.« Angesichts der auf 15 000 Exemplare geschrumpften Auflage und der immer schwieriger beizubringenden Finanzspritzen aber erschien es Gradl und seinen Mitgesellschaftern aus »nüchternen wirtschaftlichen Überlegungen« geraten, den »Tag« knapp zwei Jahre nach dem Tode seines Gründers Jakob Kaiser in das etwas erfolgreichere Schwesterblatt »Kurier« einzuschmelzen. Im letzten Leitartikel des »Tag« deutete der Verwalter des politischen Erbes von Jakob Kaiser die Ursachen des Niedergangs-resigniert, gleichwohl aber präzise: »Zeitungen mit einem festen politischen Standort und einer weltanschaulichen Basis hatten es bei uns nie leicht.« Und im Hinblick auf die deutsche Wirklichkeit von 1963: »In dieser Zeit ist es für sie noch schwerer geworden.« * Gesellschafter: die Familie des froheren Ministers Jakob Kaiser und Johann Baptist Gradl. ** Durchschnittsauflage des letzten Quartals 1962 (nach IVW). Alter »Tag«-Titel, neuer »Kurier«-Titel: Leser verschwanden... CDU-Verleger Gradl ... hinter Ulbrichts Mauer"
"63","0.7674418091773987","Thema NS: »Wie war das eigentlich?«","1978-12-31","1979","1","","","","https://www.spiegel.de/kultur/thema-ns-wie-war-das-eigentlich-a-97465906-0002-0001-0000-000040350812?context=issue","","1978-1979","Hitler. der Nationalsozialismus. das Dritte Reich -- offene Fragen immer noch und noch? Drei Titel der kommenden Buchsaison jedenfalls stellen wieder mal solche Fragen. »Haben Sie davon gewußt?« nämli...","885","Hitler. der Nationalsozialismus. das Dritte Reich -- offene Fragen immer noch und noch? Drei Titel der kommenden Buchsaison jedenfalls stellen wieder mal solche Fragen. »Haben Sie davon gewußt?« nämlich von den KZ-Lagern und der Ausrottung der Juden. fragte Walter Kempowski deutsche Zeitgenossen; das Buch des Romanciers enthält etwa 300 »Deutsche Antworten« (Untertitel) und erscheint im März hei Knaus. »Antwort auf eine Generationsfrage« will Max von der Grün mit seinem neuen Buch geben, das Luchterhand im Februar herausbringt: »Wie war das eigentlich? Kindheit und Jugend im Dritten Reich«. Und »Sind die Deutschen faschistoid?« fragt der Titel eines Reports, der bei Hoffmann und Campe erscheint: Das Buch des Sozialforschers Werner Habermehl wertet die Ergebnisse einer repräsentativen Enquete zur »Verbreitung rechter und rechtsextremer Ideologien in der Bundesrepublik« aus."
"64","0.7662343382835388","Der Anti-Nazi","1978-05-28","1978","22","","['Spiegel Essay']","","https://www.spiegel.de/politik/der-anti-nazi-a-90f73484-0002-0001-0000-000040617867?context=issue","","1978-1979","So sehr man sich im Lauf der Jahrzehnte auch daran gewöhnt hat, daß es in Deutschland Nationalsozialisten keine gab, geschweige denn gibt, schon gar nicht in allerhöchsten Ämtern des öffentlichen Dien...","1261","So sehr man sich im Lauf der Jahrzehnte auch daran gewöhnt hat, daß es in Deutschland Nationalsozialisten keine gab, geschweige denn gibt, schon gar nicht in allerhöchsten Ämtern des öffentlichen Dienstes; so kopfschüttelnd man sich auch irgendwann mit der wundersamen Tatsache abgefunden hat, daß der Nationalsozialismus offenbar eine Massenbewegung gegen den Nationalsozialismus war -- wenn dann aus der anonymen Menge der Anti-Nazis einer leibhaftig hervortritt, dann ist es doch immer noch, als erhielte man Besuch aus galaktischen Sphären. Denn flüchtig und wechselhaft wie bei den Wesen von anderen Planeten ist die stoffliche Beschaffenheit des Anti-Nazi, dessen Gestalt an Surrealität nicht zu wünschen übrigläßt. Als Richter und Strafverfolger im Dienste Adolf Hitlers und der Manneszucht nimmt der Anti-Nazi beispielsweise die Statur eines Füllfederhalters an. Da hat er »Verfahren ... weder eingeleitet noch betrieben«, hat ein Todesurteil wohl beantragt, aber gefällt hat es »ein anderer«; und wie zum Beweis, daß seinerzeit lediglich seine Unterschrift -- »gez. Dr. Filbinger« -- hienieden weilte, er selber jedoch in außerirdischen Gefilden wandelte, kann der Anti-Nazi sich nicht recht erinnern an die Hinrichtung, die er ja nur abgezeichnet hat."
"65","0.7662164568901062","DIE PHYSISCHE TÄTERSCHAFT IST UNINTERESSANT","1959-12-22","1959","52","","","","https://www.spiegel.de/politik/die-physische-taeterschaft-ist-uninteressant-a-6dcd5ee0-0002-0001-0000-000042623619?context=issue","","1958-1962","Es ist ein wahrer Rattenschwanz von Fälschungen und leichtfertigem Umgehen mit Tatsachen und Quellen, was Sie in Ihrer Artikelserie über den Reichstagsbrand vor dem Leser ausbreiten. Sie haben sich mi...","1920","Es ist ein wahrer Rattenschwanz von Fälschungen und leichtfertigem Umgehen mit Tatsachen und Quellen, was Sie in Ihrer Artikelserie über den Reichstagsbrand vor dem Leser ausbreiten. Sie haben sich mit der Beseitigung des Wustes ein unzweifelhaftes Verdienst erworben. Man steht geradezu erschüttert vor diesem Ausmaß von Bluff und blanker Phantasie, vor dieser Dreistigkeit der Fälschungen. Kann man den Braunbüchern Münzenbergs und seiner Freunde noch zubilligen, daß ihr Bluffen mit nicht vorhandenem Material um der Abwehr der nationalsozialistischen Unterstellung der kommunistischen Täterschaft willen geschah, so ist die Leichtfertigkeit, mit der spätere, insbesondere Nachkriegsautoren ihrer Phantasie die Zügel schießen ließen, unentschuldbar. Diese Autoren haben der eigentlichen Sache, dem Nachweis der Schuld der Nationalsozialisten, einen schlechten Dienst geleistet. Ich selbst habe von diesem Schrifttum bisher keine Ahnung gehabt; es hatte mich nie interessiert. Denn ich war der Meinung, daß die physische Täterschaft im Grunde uninteressant sei gegenüber dem, was der Nationalsozialismus mit dem Brande angerichtet hat, nämlich die Beseitigung des Rechtszustandes, die Einführung dessen, was man »kraft revolutionären Rechtes« nannte, die Errichtung seiner Terrorherrschaft. Keine Macht der Welt kann die Nationalsozialisten von diesem eigentlichen Verbrechen freisprechen, die Brandstiftung zum Anlaß der Beseitigung des legalen Zustandes genommen zu haben. Hierüber darf keine Unklarheit aufkommen. Denn Sie werden sich wohl ebensowenig wie ich über die Wirkung Ihrer Artikelserie bei allen unkritischen und insgeheim nach den glorreichen Hitlertagen seelzagenden deutschen Zeitgenossen im unklaren sein, von den unbelehrbaren Nationalsozialisten ganz zu schweigen, nämlich zu schließen: Ist dies falsch, so sind auch die anderen angeblichen Greueltaten der Nationalsozialisten erlogen und erstunken."
"66","0.7656300663948059","Briefe","1977-10-09","1977","42","","","","https://www.spiegel.de/politik/seid-anstaendig-impressum-a-cf07f1be-0002-0001-0000-000040736252?context=issue","","1973-1977","(Nr. 35/1977, SPIEGEL-Titel »Das Bild vom bösen Deutschen"") Mit Interesse verfolge ich die sogenannte »Kampagne gegen den häßlichen Deutschen im Ausland«. Dabei wird man als Afrikaner in Deutschland h...","984","(Nr. 35/1977, SPIEGEL-Titel »Das Bild vom bösen Deutschen"") Mit Interesse verfolge ich die sogenannte »Kampagne gegen den häßlichen Deutschen im Ausland«. Dabei wird man als Afrikaner in Deutschland häufig Menschenfresser genannt. Sogar in Gesprächen mit allen Bevölkerungsschichten, von Pennern bis zu Professoren, fallen allzu oft solche bösen Andeutungen. Auch in deutschen Comics, Kinderbüchern, Zeitschriften und Tagesblättern gehört dieses Image von Afrika als Land der Kannibalen fast zur Tagesordnung. Ich habe die beigefügten Karikaturen ausgeschnitten. Fazit: Man begeht hierzulande die gleichen Fehler wie in den Ländern, wo man pauschal die Deutschen mit Nazis identifiziert. Come on, good old Germany, be fair. Kiel AKO AMADI Nigerianischer Student am Institut für Meereskunde Der Gesamtauflage dieser SPIEGEL-Ausgabe ist eine Postkarte der Firma HANDELSBLATT GmbH, Düsseldorf, beigeklebt. Die Redaktion des SPIEGEL behält sich vor, Leserbriefe gekürzt zu veröffentlichen"
"67","0.7655601501464844","Nicht betroffen","1961-04-11","1961","16","","['Sonnemann']","","https://www.spiegel.de/politik/nicht-betroffen-a-aa87dfb7-0002-0001-0000-000043160747?context=issue","","1958-1962","In einem drei Seiten langen Brief, legte Sonnemann, dienstältester und von der Deutschen Partei zur CDU konvertierter Staatssekretär, im Amt Globke seinen selbstverfaßten Persilschein vor: Das England...","790","In einem drei Seiten langen Brief, legte Sonnemann, dienstältester und von der Deutschen Partei zur CDU konvertierter Staatssekretär, im Amt Globke seinen selbstverfaßten Persilschein vor: Das England-Buch, das im Grunde ein wissenschaftliches Werk sei, habe er bereits 1936 verfaßt, doch sei die Veröffentlichung von der Reichsschrifttumskammer abgelehnt worden. Nach Kriegsausbruch sei er dann gedrängt worden, das Manuskript um die jetzt beanstandeten Stellen zu ergänzen. Globke regte an, die Angelegenheit zurückhaltend zu behandeln. Sonnemann verfuhr entsprechend. Auf Rückfragen im Ernährungsministerium wird seither versichert, das Ministerium sei nicht betroffen. Sonnemann werde »zum geeigneten Zeitpunkt« Stellung nehmen. NS-Theoretiker Sonnemann Teils literarisch, teils maritim"
"68","0.7655240893363953","SPRACHREGELUNG.","1966-10-30","1966","45","","","","https://www.spiegel.de/politik/sprachregelung-a-70620cf5-0002-0001-0000-000046414845?context=issue","","1963-1967","Die rechtsradikale NPD veranstaltet anläßlich der bevorstehenden Landtagswahlen in Hessen und Bayern eine umfangreiche Rednerschulung. Leiter des »NPD-Schulungsamtes"": Otto Heß, Mitglied des NPD-Bunde...","788","Die rechtsradikale NPD veranstaltet anläßlich der bevorstehenden Landtagswahlen in Hessen und Bayern eine umfangreiche Rednerschulung. Leiter des »NPD-Schulungsamtes"": Otto Heß, Mitglied des NPD-Bundesvorstands und ehemaliger NSDAP-Gauredner. Die Schüler werden auf Musteransprachen verpflichtet und erhalten für Diskussionen einen Katalog unverfänglicher Antworten. Autor der Musterreden: die ehemaligen DRP -Funktionäre Emil Maier-Dorn, der seit 1937 Reichsschulungswart des NS-Bundes Deutscher Technik war, und Hans Hertel, Gauredner der NSDAP in Schlesien. Ausführungen über lokale Probleme dürfen nur dann in die Standardreden eingeflochten werden, wenn sie mit dem Orts- und Kreisverband abgestimmt worden sind. Abweichlern von der Sprachregelung droht der Ausschluß aus der Partei."
"69","0.7653111219406128","Sozusagen Gnade","1961-01-03","1961","2","","['Lautz']","","https://www.spiegel.de/politik/sozusagen-gnade-a-cd443767-0002-0001-0000-000043159295?context=issue","","1958-1962","Tag des Urteils: 8. 8. 1944. Eingang des Gnadenberichts: 8. 8. 1944. Erkannte Strafe: Todesurteil - Ehrverlust. Entscheidung des Reichsministeriums der Justiz: Vollstreckung. Tag der Entscheidung: 8. ...","793","Tag des Urteils: 8. 8. 1944. Eingang des Gnadenberichts: 8. 8. 1944. Erkannte Strafe: Todesurteil - Ehrverlust. Entscheidung des Reichsministeriums der Justiz: Vollstreckung. Tag der Entscheidung: 8. 8. 1944. Vollstreckt am: 8. 8. 1944 in Berlin.« * Wilhelm Leuschner: früher Vorsitzender der Freien Gewerkschaften Deutschlands und sozialdemokratischer Minister des Innern in Hessen; Karl Goerdeler: früher Oberbürgermeister von Leipzig und Haupt der zivilen Widerstandsgruppe gegen Hitler. * Mordregister nannte man bis 1945 die in Jahresbänden gesammelten Vollzugsmeldungen über in Deutschland vollstreckte Todesurteile, die an das Reichsjustizministerium erstattet wurden. NS-Ankläger Lautz Renten für den Staatsanwalt Lautz vor dem Volksgerichtshof (1944): Gottes Segen auf Heer und Heimat"
"70","0.7652108669281006","Briefe","1951-10-23","1951","43","","","","https://www.spiegel.de/politik/propaganda-a-8439c6f9-0002-0001-0000-000029194989?context=issue","","1948-1952","(Nr. 40/51, Deutschland) Anfang August dieses Jahres hat der Verlag des Bundesanzeigers die Geschäftsanteile der »Deutscher Bundes-Verlag Bonn G.m.b.H.« übernommen. Der Deutsche Bundes-Verlag war bis ...","633","(Nr. 40/51, Deutschland) Anfang August dieses Jahres hat der Verlag des Bundesanzeigers die Geschäftsanteile der »Deutscher Bundes-Verlag Bonn G.m.b.H.« übernommen. Der Deutsche Bundes-Verlag war bis dahin eine rein private Verlagsgesellschaft. Sie verlegte u. a. die »Briefe aus Deutschland«. Nachdem der Verlag des Bundesanzeigers die Gesellschaft übernommen hat, wurde das Erscheinen der »Briefe aus Deutschland« sofort eingestellt, weil mit den zur Verfügung stehenden Mitteln die Ausgestaltung dieser Briefe nicht so vorgenommen werden konnte, wie dies für eine solche Propagandaschrift notwendig ist. Köln a. Rh. Bundesanzeiger"
"71","0.7651961445808411","Briefe","1959-06-23","1959","26","","","","https://www.spiegel.de/politik/grosse-kontraste-a-2d08ae0f-0002-0001-0000-000042625759?context=issue","","1958-1962","Nach dem Organisationsstatut der NSDAP war es nicht möglich, daß jemand für einen anderen ein Gesuch um Aufnahme in die Partei einbringen konnte. Das mußte jeder selbst tun. Es ist aber durchaus mögli...","609","Nach dem Organisationsstatut der NSDAP war es nicht möglich, daß jemand für einen anderen ein Gesuch um Aufnahme in die Partei einbringen konnte. Das mußte jeder selbst tun. Es ist aber durchaus möglich, daß der damalige Verlagsdirektor Bachmann das Aufnahmegesuch Bechers befürwortet hat. Becher war für die Zeitung ein sehr brauchbarer Mann. So hörte nach seinem unfreiwilligen Ausscheiden aus der Redaktion des NS-Gauorgans auf der von ihm geleiteten Seite »Kultur und Wissen« die antijüdische Hetze fast gänzlich auf. München 23 HANS MAIER Münchener Vertriebenen Echo MdL Becher (Konterfei und Vexierbild)"
"72","0.7651314735412598","Fahrplan eines Welteroberers","1966-08-07","1966","33","","","","https://www.spiegel.de/politik/fahrplan-eines-welteroberers-a-35687d63-0002-0001-0000-000046408230?context=issue","","1963-1967","Es soll in erster Linie mithelfen, den Rahmen zu füllen, den Veranlagung und Befähigung jedem ziehen; mithin soll es Werkzeug und Baustoffe liefern, die der einzelne zu seinem Lebensberufe nötig hat, ...","1945","Es soll in erster Linie mithelfen, den Rahmen zu füllen, den Veranlagung und Befähigung jedem ziehen; mithin soll es Werkzeug und Baustoffe liefern, die der einzelne zu seinem Lebensberufe nötig hat, ganz gleich, ob dieser nur dem primitiven Broterwerbe dient oder die Befriedigung einer höheren Bestimmung darstellt; in zweiter Linie aber soll es ein allgemeines Weltbild vermitteln. In beiden Fällen ist es aber nötig, daß der Inhalt des jeweilig Gelesenen nicht in der Reihenfolge des Buches oder gar der Bücherfolge dem Gedächtnis zur Aufbewahrung übergeben wird, sondern als Mosaiksteinchen in dem allgemeinen Weltbilde seinen Platz an der ihm zukommenden Stelle erhält und so eben mithilft, dieses Bild im Kopfe des Lesers zu formen. »Im anderen Falle entsteht ein wirres Durcheinander von eingelerntem Zeug, das ebenso wertlos ist, wie es andererseits den unglücklichen Besitzer eingebildet macht. Denn dieser glaubt nun wirklich allen Ernstes, 'gebildet' zu sein, vom Leben etwas zu verstehen, Kenntnisse zu besitzen, während er mit jedem neuen Zuwachs dieser Art von 'Bildung' in Wahrheit der Welt sich mehr und mehr entfremdet, bis er nicht selten entweder in einem Sanatorium oder als 'Politiker' in einem Parlamente endet ... » Der 1900 geborene bayerische Direktorensohn und Abiturient Hermann Esser, der nach 1918 bei der sozialdemokratischen Kemptener »Allgäuer Volkswacht« volontiert, mit dem »V-Mann« Hitler seit Herbst 1919 in einer Dienststelle der Reichswehr (als Lektor der deutschsprachigen Presse) zusammengearbeitet hatte und von 1921 bis 1924 und auch während Hitlers Haftzeit einer der einflußreichsten Mitarbeiter Hitlers in der NSDAP war, beurteilte Hitlers Art, Bücher zu lesen, wie folgt: »Hitler las ungeheuer viel. Er war zwar nicht in der Lage, mehr als eine Stunde am Schreibtisch zu sitzen, lag jedoch ganze Nächte hindurch wach und arbeitete Bücher und Schriften durch. Auf seine Art war er sehr gewissenhaft."
"73","0.7651177644729614","Hehre Mission","1965-05-04","1965","19","","['Ns-Aktmalerei']","","https://www.spiegel.de/kultur/hehre-mission-a-5b243d6a-0002-0001-0000-000046272529?context=issue","","1963-1967","Zehn Jahre später starb der Vor- und Rekordläufer Ziegler bei Baden -Baden. Seine Akte, einst »Inbegriff deutscher Kunst«, wurden 1945 als Souvenirs gehandelt, die meisten verschwanden in Amerika. Die...","704","Zehn Jahre später starb der Vor- und Rekordläufer Ziegler bei Baden -Baden. Seine Akte, einst »Inbegriff deutscher Kunst«, wurden 1945 als Souvenirs gehandelt, die meisten verschwanden in Amerika. Die nationalsozialistischen Akte hängen jetzt in amerikanischen Bürgerhäusern. * Joseph Wulf: »Die Bildenden Künste im Dritten Reich«. Sigbert Mohn Verlag, Gütersloh; 416 Selten; 39,80 Mark. Aktliebhaber Hitler (1939) im Haus der Deutschen Kunst: Es ist entsetzlich, unsere Kunstschaffenden ... Botticelli-Akt »Geburt der Venus« ... können keine Busen machen« NS-Aktmaler Ziegler Das Ideal des Führers... ... waren mollerte Madeln aus Linz: Ziegler-Akte »Terpsichore«, »Lesende«, Hilz-Akt »Bäuerliche Venus«"
"74","0.764879047870636","Der Orden unter dem Totenkopf","1966-12-25","1966","53","","","","https://www.spiegel.de/politik/der-orden-unter-dem-totenkopf-a-590fa979-0002-0001-0000-000046415546?context=issue","","1963-1967","Als Kube der deutschen Juden ansichtig wurde, zerbrach in ihm eine Welt: Der Judenfeind Kube wandelte sich zum Judenbeschützer. Kube erfuhr, unter den deutschen Juden befänden sich auch Männer, die im...","1922","Als Kube der deutschen Juden ansichtig wurde, zerbrach in ihm eine Welt: Der Judenfeind Kube wandelte sich zum Judenbeschützer. Kube erfuhr, unter den deutschen Juden befänden sich auch Männer, die im Ersten Weltkrieg Soldaten gewesen und mit hohen Orden ausgezeichnet worden seien. Der Gauleiter ließ sich eine Liste zusammenstellen und appellierte an das Reichssicherheitshauptamt, als habe er niemals von einer Endlösung der Judenfrage gehört. Ärgerlich konterte Heydrich, es habe alles seine Richtigkeit, im übrigen gebe es wohl »kriegswichtigere Aufgaben als dem Geseires von Juden nachzulaufen, zeitraubende Ermittlungen anzustellen und so viele meiner Mitarbeiter von anderen und weit wichtigeren Aufgaben abzuhalten«. Heydrich an Kube: »Ich bedaure, sechseinhalb Jahre nach Erlaß der Nürnberger Gesetze noch eine derartige Rechtfertigung schreiben zu müssen.« Doch Kube wollte nicht verstehen. Er stellte die deutschen Juden unter seinen persönlichen Schutz und eilte herbei, sobald sich die Sicherheitspolizei des Obersturmbannführers Strauch zum tödlichen Schlag anschickte. »Eine merkwürdige Einstellung zur Judenfrage«, mäkelte Strauch, ehe er begriff, daß einer der ersten Gauleiter des Dritten Reiches unter die Judenfreunde gegangen war. Strauch verzweifelte an dem Sinn der Welt. Er hielt fest: »Ich betonte, daß es mir unverständlich sei, daß deutsche Menschen wegen einiger Juden uneins würden. Ich könne immer wieder feststellen, daß man meinen Männern und mir Barbarei und Sadismus vorwerfe, während ich lediglich meine Pflicht täte.« Was aber entgegnete der Nationalsozialist Kube? Strauch notierte: »Diese Art unseres Vorgehens sei eines deutschen Menschen und eines Deutschlands Kants und Goethes unwürdig. Wenn der deutsche Ruf in aller Welt untergraben würde, so sei es unsere (der SS) Schuld. Im übrigen sei es auch richtig, daß meine Männer sich an diesen Exekutionen geradezu aufgeilen würden.«"
"75","0.7648030519485474","Einfach schön","1964-05-12","1964","20","","['Zeitgeschichte', 'Hoggan']","","https://www.spiegel.de/politik/einfach-schoen-a-e090d6a1-0002-0001-0000-000046173484?context=issue","","1963-1967","Nicht nur im Gebet war sich David Leslie Hoggan mit seinen deutschen Bewunderern einig: Die Thesen, die er in seinem Buch »Der erzwungene Krieg« vertritt, entsprechen genau den Thesen, die vor 20 Jahr...","943","Nicht nur im Gebet war sich David Leslie Hoggan mit seinen deutschen Bewunderern einig: Die Thesen, die er in seinem Buch »Der erzwungene Krieg« vertritt, entsprechen genau den Thesen, die vor 20 Jahren, im Spätsommer 1944, der damalige stellvertretende Reichspressechef Sündermann im NSDAP-Zentralblatt »Völkischer Beobachter« propagierte. Titel der Sündermann-Veröffentlichung: »Der erzwungene Krieg«. * Die amerikanische Ausgabe soll im Herbst im New Yorker Devin-Adair Verlag erscheinen. Titel »When peaceful revision failed. The origins of World War II.« Anti-Hoggan-Demonstranten in Burg: Den Lindwurm der Kriegsschuldlüge .. US-Historiker Hoggan, Ehefrau in Düsseldorf ..mit einem Streich erschlagen? Hoggan-Freunde Ritzdorf, Grabert Erneuerer im Schlafrock Handelsblatt Nimm doch »Hoggan« NS-Autor Sündermann These und Titel.. Hoggan-Buch ... vom Erzwungenen Krieg ... NS-Organ »Völkischer Beobachter« (1944) ... aus Großdeutscher Zeit"
"76","0.7646861672401428","Engel und Teufel","1969-11-16","1969","47","","['Dänemark', 'Fremdenhass']","","https://www.spiegel.de/politik/engel-und-teufel-a-a449a8d6-0002-0001-0000-000045440062?context=issue","","1968-1972","Eine Woche später wurde in Kopenhagen ein in Buchdruck hergestelltes anonymes Flugblatt verteilt. Überschrift: »Dänemark führt wieder Krieg.« Textprobe: 1940 wurde Dänemark von der deutschen Wehrmacht...","1081","Eine Woche später wurde in Kopenhagen ein in Buchdruck hergestelltes anonymes Flugblatt verteilt. Überschrift: »Dänemark führt wieder Krieg.« Textprobe: 1940 wurde Dänemark von der deutschen Wehrmacht überschwemmt. 1969 wurde Dänemark von Fremdarbeitern Überschwemmt. Dadurch droht unserer Nation eine tausendfach größere Gefahr ... in bester Partisanen-Manier haben die Südländer allmählich einen unverhältnismäßig großen Teil unserer Wohnungen, Verkehrsmittel, Restaurants und der Unterwelt übernommen ... Gewalt- und Vergewaltigungsverbrechen werden jetzt fast ausnahmslos von dunkelhäutigen Männern verübt. Am Montag vorletzter Woche beschloß eine dänische Regierungskommission, in der Arbeitsministerium und Fremdenpolizei, die Gemeinden Groß-Kopenhagens, Arbeitgeber und Gewerkschaften vertreten sind, unverzüglich verbesserte Richtlinien für Rekrutierung, Unterbringung und Eingewöhnung von Fremdarbeitern zu entwerfen. Gleichzeitig beschloß Kopenhagens Magistrat, den Südländern ein Klublokal einzurichten -- mit Bibliothek und Heimatzeitungen, Fernsehgerät und Imbißküche."
"77","0.7646813988685608","VIERMÄCHTE-RECHT","1961-12-19","1961","52","","","","https://www.spiegel.de/politik/viermaechte-recht-a-efa0949b-0002-0001-0000-000043367840?context=issue","","1958-1962","Die Note, mit der die Sowjet-Union von der amerikanischen Regierung verlangt, den Bundeswehrgeneral Heusinger wegen Kriegsverbrechens festzusetzen und auszuliefern, hat im Bonner Außenamt Besorgnisse ...","810","Die Note, mit der die Sowjet-Union von der amerikanischen Regierung verlangt, den Bundeswehrgeneral Heusinger wegen Kriegsverbrechens festzusetzen und auszuliefern, hat im Bonner Außenamt Besorgnisse erregt, die weniger der Person Heusingers als dem Viermächte -Status Berlins gelten. Die Sowjets berufen sich in ihrer Note ausdrücklich auf das Viermächte-Abkommen vom 8. August 1945 über die Strafverfolgung deutscher Kriegsverbrecher - »das nach wie vor Rechtskraft besitzt«. Eine pauschale Zurückweisung des Auslieferungsbegehrens durch die Amerikaner, so befürchtet man in Bonn, könnte von den Sowjets als Nichtigkeitserklärung für jederlei Viermächte-Vereinbarungen über Deutschland interpretiert werden - auch über Berlin. Die Welt Fünfzehn Finger am Abzugshahn: »Weiter nach hinten fragen, wer das war!«"
"78","0.7646784782409668","Zukunft verrammeln","1970-02-15","1970","8","","['Ddr', 'Nation']","","https://www.spiegel.de/politik/zukunft-verrammeln-a-c841868d-0002-0001-0000-000045202535?context=issue","","1968-1972","Ein Jahr darauf schrieb ein Potsdamer Philosoph in der »Märkischen Volksstimme« bereits über den »Keim einer neuen sozialistisch-deutschen Nation« in der DDR. Wiederum ein Jahr später, 1969, ergänzten...","1121","Ein Jahr darauf schrieb ein Potsdamer Philosoph in der »Märkischen Volksstimme« bereits über den »Keim einer neuen sozialistisch-deutschen Nation« in der DDR. Wiederum ein Jahr später, 1969, ergänzten die Herausgeber des »Wörterbuchs der marxistisch-leninistischen Soziologie"": »In der DDR vollzog sich eine ... demokratische Entwicklung der deutschen Nation. Sie entwickelte sich hier als sozialistische Nation.« In der Bundesrepublik hingegen, das schließlich druckte »Neues Deutschland« nach Walter Ulbrichts neuester Verkündigung Ende Januar, müsse sich die Arbeiterklasse als Nation konstituieren, sich also zur Revolution entschließen, »erst dann kann es ... eine einheitliche sozialistische deutsche Nation geben«. Solange sich diese Hoffnung nicht erfüllt, »erden Ideologen aus der SED-Zentrale noch manches Haar spalten, um im gespaltenen Deutschland ihrem Staat nationale Reputation zu geben und die Bundesrepublik als antinational hinzustellen. Und so lange gilt auch für die SED, was der Historiker Golo Mann kürzlich erkannte: »Innerhalb sehr weit gezogener Grenzen ist Nation, was man will, daß sie es sei.«"
"79","0.7646666169166565","Neu in Deutschland","1951-11-20","1951","47","","","","https://www.spiegel.de/politik/neu-in-deutschland-a-390c0227-0002-0001-0000-000020668521?context=issue","","1948-1952","Die NS-Tante war von einem Zeitgenossen zum Selbstmord animiert worden, der auf ihre unzerstörte Stadtwohnung reflektierte, der junge Deserteur von einer hysterischen Alten, die ihn, wenn schon nicht ...","1303","Die NS-Tante war von einem Zeitgenossen zum Selbstmord animiert worden, der auf ihre unzerstörte Stadtwohnung reflektierte, der junge Deserteur von einer hysterischen Alten, die ihn, wenn schon nicht zum lebendigen, dann wenigstens zum toten Helden erheben wollte. Ergebnis der verkrampften Zusammenkunft: Wir alle haben Schuld, wer will der Richter sein? Tendenz des Autors: Jeder klopfe sich an seine Brust. Im Leser klopft bei soviel konstruierter Papiernheit nichts. (Georg Westermann Verlag, Braunschweig. 292 Seiten. 8,80 DM.) Alexander Weißberg - Cybulski: HEXEN-SABBAT. Der Autor, österreichischer Wissenschaftler und Kommunist, wurde 1937 während der großen Säuberung in der Sowjetunion verhaftet und nach drei Jahren an NS-Deutschland ausgeliefert. Schildert, wie er, obwohl völlig schuldlos, dazu gebracht wurde, Mordabsichten auf Stalin und Woroschilow zu gestehen. Seitenlange, minutiös aufgezeichnete Verhöre zermürben Leser genau so wie der Autor damals zermürbt wurde. Rückblenden und breit erzählte Lebensgeschichten von Mithäftlingen wechseln mit wissenschaftlichen Analysen und geben russisches Literaturklima. Renegat Arthur Koestler, alter Freund des Autors, schreibt im Vorwort, es sei »ein wahres Ungetüm von Buch«. (Verlag der Frankfurter Hefte, Frankfurt. 716 Seiten. 24,80 DM.)"
"80","0.7641494870185852","Deutsche Tatbestände","1961-03-14","1961","12","","['Führerinformation']","","https://www.spiegel.de/politik/deutsche-tatbestaende-a-95c8d13a-0002-0001-0000-000043160336?context=issue","","1958-1962","Weil er jedoch den Vorgang nicht angezeigt hat, ist er ebenfalls, und zwar zu zwei Jahren Gefängnis, verurteilt worden.« Unter diesen Sittenbildern aus Deutschlands großer Zeit, wie sie in den Führeri...","1342","Weil er jedoch den Vorgang nicht angezeigt hat, ist er ebenfalls, und zwar zu zwei Jahren Gefängnis, verurteilt worden.« Unter diesen Sittenbildern aus Deutschlands großer Zeit, wie sie in den Führerinformationen festgehalten sind, ist nur ein tröstliches. In Nr. 102 vom 14. August 1942 muß der Führerinformant bekennen, daß der Justiz auch in totalitären Staaten Grenzen gesetzt sind: »Die Plünderung von Güterwagen der Reichsbahn nimmt nach meinen Beobachtungen trotz schwerster Bestrafungen besorgniserregend zu. So schwebt zur Zeit beim Oberstaatsanwalt in Salzburg ein Strafverfahren . . . In dieses Verfahren sind soviel Bahn-, angestellte verwickelt, daß die erforderlichen Verhaftungen beschränkt werden müssen, weil sonst der Bahnbetrieb gefährdet würde.« Und Erleichterung empfindet der heutige Leser beim Gedanken an' den Wiener Kunstmaler Ganser, der »Bilder unter der betrügerischen Behauptung, sie seien von Ihnen, mein Führer, gemalt, zu verkaufen versucht hat.« Ganser starb (Information Nr. 97) an Lungenschwindsucht, bevor er abgeurteilt werden konnte. * Offensichtlich handelt es sich um einen Druckfehler. Auch in der NS-Zeit reichte das Schutzalter für Mädchen bis zum 16. Lebensinformant Schlegelberger Mit Führertype ... ...großdeutsche Sittenbilder: Führerinformation NS-Justizminister Thierack Richter auf Vordermann"
"81","0.7641438245773315","Philosophen: Gehlen mit Rosenberg","1976-09-12","1976","38","","","","https://www.spiegel.de/kultur/philosophen-gehlen-mit-rosenberg-a-814e4a1d-0002-0001-0000-000041146941?context=issue","","1973-1977","Der Frankfurter Verlag Vittorio Klostermann beabsichtigt eine Gesamtausgabe der Werke des am 30. Januar gestorbenen Soziologen und Philosophen Arnold Gehlen. Die Ausgabe soll etwa zehn Bände umfassen....","674","Der Frankfurter Verlag Vittorio Klostermann beabsichtigt eine Gesamtausgabe der Werke des am 30. Januar gestorbenen Soziologen und Philosophen Arnold Gehlen. Die Ausgabe soll etwa zehn Bände umfassen. Sie wird, neben den Hauptwerken, rund 200 Gehlen-Aufsätze, Vorträge und Essays enthalten sowie eine Auswahl der hinterlassenen Notizen, Exzerpte und Manuskripte (etwa 1000 Blatt). Zu den interessantesten Teilen der Edition gehört die Erstfassung von Gehlens berühmtem Hauptwerk »Der Mensch«. Sie war 1940 erschienen und enthielt auch eine Passage über den NS-Ideologen Rosenberg. In den sieben Nachkriegsauflagen hatte Gehlen große Partien, darunter auch diese, gestrichen."
"82","0.7638355493545532","Briefe","1951-07-24","1951","30","","","","https://www.spiegel.de/politik/geld-und-politik-a-1812bcf7-0002-0001-0000-000029194438?context=issue","","1948-1952","Eine Art »Ständestaat«, wie sie dem Herausgeber des SPIEGEL vorschwebt, wurde auch von gewissen Gruppen innerhalb der Nationalsozialisten vertreten, so von Gregor Strasser und vor allen Dingen von dem...","643","Eine Art »Ständestaat«, wie sie dem Herausgeber des SPIEGEL vorschwebt, wurde auch von gewissen Gruppen innerhalb der Nationalsozialisten vertreten, so von Gregor Strasser und vor allen Dingen von dem Kreis um den sudetendeutschen Parteiführer Henlein. Intellektueller Exponent dieser neuen Bestrebungen war der Wiener Nationalökonom Ottmar Spann. Diesem Kreis schwebte eine Art Ständeparlament vor, das über die »Arbeitsfront« zum Tragen kommen sollte. Schließlich veranlaßte die Reichsführung der NSDAP eine interne Parteisäuberung, da man befürchtete, daß der »Ständestaat« auf ultramontanen Vorstellungen beruhe. Regensburg Dr. H. F. Feine"
"83","0.7638216614723206","CHRUSCHTSCHEW-REDE","1956-07-24","1956","30","","['Sowjet-Union']","","https://www.spiegel.de/politik/chruschtschew-rede-a-c08e83a4-0002-0001-0000-000043062847?context=issue","","1953-1957","Der Text der Rede, die Chruschtschew auf dem 20. Parteikongreß in Moskau im Februar hielt, wurde nach englischen Angaben der amerikanischen und der englischen Regierung von einem hohen polnischen KP-F...","850","Der Text der Rede, die Chruschtschew auf dem 20. Parteikongreß in Moskau im Februar hielt, wurde nach englischen Angaben der amerikanischen und der englischen Regierung von einem hohen polnischen KP-Funktionär ausgeliefert. Die von den Amerikanern auf Grund dieses Textes verbreitete Übersetzung ist bisher von Mokau weder bestätigt noch dementiert worden. Sie gilt allerdings als unvollständig. Nach dem den Engländern bekannten Text hat Chruschtschew nicht nur Stalins innenpolitisches, sondern auch dessen außenpolitisches Wirken kritisiert. So habe Chruschtschew unter anderem erklärt, daß die Berliner Blockade ein »beschämender Fehler Stalins« gewesen sei. Ferner habe der Parteisekretär bemängelt, daß Stalin - indem er die Westmächte sinnlos provozierte - das Sowjetvolk zwang, statt Konsumwaren Waffen herzustellen, die heute veraltet seien."
"84","0.7637234330177307","Böse Absicht","1968-05-26","1968","22","","['Zeitgeschichte', 'Ns-Alltag']","","https://www.spiegel.de/politik/boese-absicht-a-c4b0cd6f-0002-0001-0000-000046039785?context=issue","","1968-1972","Der brave Dorfschulze bat »alle anständig gesinnten Einwohner« um Hilfe für die Juden. Doch typischer für viele Deutsche in jenen Jahren ist der Fall eines Trierer Ortsgruppenleiters' dem 1941 der gel...","1765","Der brave Dorfschulze bat »alle anständig gesinnten Einwohner« um Hilfe für die Juden. Doch typischer für viele Deutsche in jenen Jahren ist der Fall eines Trierer Ortsgruppenleiters' dem 1941 der gelbe Stern an jeder Judenbrust nicht genügte: Es könne einem Fremden, der einen vor ihm gehenden Menschen überhole, »leicht passieren, daß er ohne böse Absicht einen Juden anspricht, sofern er eine kleine Auskunft benötigt«. Als Patentlösung schlug der Parteibonze der Kreisleitung vor, »den Juden auf der rechten Rückseite auch noch einen Stern anzunähen«. Von den ersten NS-Tagen an bis zur Liquidierung nahezu des letzten Juden waren Denunzianten, Partei- und Staatsstellen bemüht, den Haß zu schüren. Dafür hat Heyen zahlreiche Beispiele aus dem Alltag gesammelt (siehe Seite 46). Den vorgesetzten Partei- oder Volksgenossen wurde alles gemeldet, was nach damaligen Vorstellungen volksfremd oder verräterisch schien. Die Partei wollte alles wissen. Berichtet wurde über ganze Orte, so über das Weindorf Trittenheim (Hauptmarke Trittenheimer Altärchen""): »1259 Einwohner, 290 Haushaltungen, 87 Pg, 44,7 % nicht organisiert. Wein- und Erholungsort, bis jüngst stark vom Judentum beeinflußt und vom bischöflichen Großweingutsbesitz abhängig, wirtschaftliche Verhältnisse sind als gesund zu bezeichnen.« Berichtet wurde auch über die eigenen Parteigänger, 50 1935 von einem Ortsgruppenleiter in Trier über eine Lehrerin: »A. ist erst seit 1. Juli 1934 -- Mitglied ... der NS-Frauenschaft. Sie bezieht unsere Presse nicht und steht in engster Verbindung mit dem Klerus, Wie mir vertraulich mitgeteilt wurde, ist A. alles andere, nur nicht Nationalsozialist. Ihre ganze jetzige Einstellung uns gegenüber ist nur als Schein zu betrachten, um ihre Stellung zu behaupten.«"
"85","0.7636489868164062","An alle","1950-08-02","1950","31","","","","https://www.spiegel.de/politik/an-alle-a-e2d6ad25-0002-0001-0000-000044449265?context=issue","","1948-1952","Mit Poststempel Ostberlin empfingen Kategorisierte in Westdeutschland freundliche Briefe. Die Deutschen des Ostens und des Westens müßten gegen die amerikanischen Kriegshetzer zusammenstehen, um einen...","489","Mit Poststempel Ostberlin empfingen Kategorisierte in Westdeutschland freundliche Briefe. Die Deutschen des Ostens und des Westens müßten gegen die amerikanischen Kriegshetzer zusammenstehen, um einen neuen Krieg zu verhindern, heißt es in dem östlichen Rundbrief »an alle ehemaligen Mitglieder der NSDAP, Offiziere und Berufssoldaten«. Gemeinsam habe man das letzte Mal auf der falschen Seite gestanden und Deutschland verspielt. Diesmal wolle man gemeinsam auf das richtige Pferd setzen."
"86","0.7634239196777344","Briefe","1962-04-10","1962","15","","","","https://www.spiegel.de/politik/studentenfutter-a-83de5c06-0002-0001-0000-000045139659?context=issue","","1958-1962","... gilt für die sympathische »Konkret« -Chefredakteurin Ulrike Marie Röhl auch heute noch das, was der bekannte Rechtslehrer Ernst von Beling schon 1909 verkündet hatte: »Es ist in Deutschland grunds...","1997","... gilt für die sympathische »Konkret« -Chefredakteurin Ulrike Marie Röhl auch heute noch das, was der bekannte Rechtslehrer Ernst von Beling schon 1909 verkündet hatte: »Es ist in Deutschland grundsätzlich verboten, die Wahrheit zu sagen.« Hamburg H.C. BREMER Wir Studenten verlieren unser Recht, gegen die unmenschlichen Handlungen der OAS oder gegen die Rassentrennung in Südafrika oder gegen den Ulbricht -Terror zu protestieren, wenn wir in den einzelnen Fällen nicht peinlich genau bei der Wahrheit bleiben. Da ich nach ernsthaften Prüfungen glaubte, hier sei die Wahrheitspflicht mißachtet worden, habe ich die Auslage der Titelseite des »Konkret« Nr. 15 in den Räumen der Mensa der Freien Universität verboten. Eine Anzeige gegen diese Zeitschrift habe ich nicht erstattet. Berlin-Wilmersdorf PETER MUDRA Nicht »Sühne« - wie der SPIEGEL berichtete - wurde in dem Artikel »Hitler in Euch« gefordert, sondern Einsicht in die Schuldigkeiten, die jeder deutschen Nachkriegsregierung obliegen. Mit dem Wort »Sühne« wird das Problem der Vergangenheitsbewältigung nur wieder auf eine Ebene der Verinnerlichung abgeschoben, auf der nichts bewältigt, aber alles subjektiviert und damit verharmlost wird. Hitlers Aufrüstung und Kriegsstiftung kann nicht gesühnt werden, auch nicht die Vernichtung von Juden, Kommunisten und Sozialdemokraten. Schuldig aber ist heute jede deutsche Regierung den ehemals von Deutschland überfallenen Staaten gutfreundschaftliche Beziehungen, schuldig ist sie dem innenpolitischen Gegner gleichberechtigte politische Freiheit, schuldig ist sie der Welt eine Initiative Entspannungs- und Friedenspolitik. Stützen des NS-Staates in höchsten Ämtern von Armee und Regierung, Gebietsforderungen im Osten, Atomwaffen an der Elbe sind aber ihrer Substanz nach Relikte von gestern, und das Gestrige allein schon prägt ihnen das Signum des Gefährlichen, Unvernünftigen und Unmoralischen auf, macht außerdem jeden deutschen Antifaschismus unglaubwürdig. Deshalb: Hitler in Euch."
"87","0.7628615498542786","Briefe","1979-08-05","1979","32","","","","https://www.spiegel.de/politik/tendenziell-milder-a-634d32a4-0002-0001-0000-000040348947?context=issue","","1978-1979","(Nr. 29/1979, Kriegsverbrechen) Zu den in Ihrem Bericht über die vielfach unzulängliche Rolle der bundesdeutschen Justiz bei der Ahndung von NS-Verbrechen geschilderten Probleme sind in unserer Zeitsc...","740","(Nr. 29/1979, Kriegsverbrechen) Zu den in Ihrem Bericht über die vielfach unzulängliche Rolle der bundesdeutschen Justiz bei der Ahndung von NS-Verbrechen geschilderten Probleme sind in unserer Zeitschrift zwei sorgfältig belegte Aufsätze von Falko Kruse erschienen. Kruse zeigt, wie das Phänomen. daß die Justiz in erheblichem Maße bloße »Streichelstrafen für Mördernazis« (Bloch) aussprach, mit den gesellschaftlichen Umständen der Ära Adenauer zusammenhing. Dabei wird eine zusätzliche Merkwürdigkeit ans Licht gebracht: NS-Mordverbrechen, die von Akademikern begangen wurden, werden tendenziell milder behandelt als die entsprechenden Verbrechen von Angehörigen der Unterschicht. Hannover DR. JOACHIM PERELS Redaktion »Kritische Justiz«"
"88","0.7624791860580444","Briefe","1950-06-07","1950","23","","","","https://www.spiegel.de/politik/hederich-a-d06c02ad-0002-0001-0000-000044448623?context=issue","","1948-1952","Zu Ihrem Artikel »Unkraut wie Hederich« in Nr. 14: Vielleicht interessiert es Sie, daß besagter Hederich nach dem Zusammenbruch 1945 für längere Zeit eine Zierde der heutigen Kriminalpolizei Berlin wa...","584","Zu Ihrem Artikel »Unkraut wie Hederich« in Nr. 14: Vielleicht interessiert es Sie, daß besagter Hederich nach dem Zusammenbruch 1945 für längere Zeit eine Zierde der heutigen Kriminalpolizei Berlin war. Er gehörte damals dem Krim.-Kom. Spandau als Krim.-Angestellter an und versah seinen »Dienst« eigener Auffassung in Bln.-Kladow, wo er auch wohnte. Nach Begehung von Amtsvergehen und Amtsverbrechen wurde er 1946 auf Veranlassung des damaligen Public-Safety-Offiziers nach Aufdeckung seiner Taten aus dem Dienst entlassen und zur Verantwortung gezogen. Berlin-Siemensstadt K. ECKERT"
"89","0.7623653411865234","Briefe","1979-02-11","1979","7","","","","https://www.spiegel.de/politik/da-steht-man-hilflos-davor-a-65bfb343-0002-0001-0000-000040351389?context=issue","","1978-1979","Diese Einstellung ist mir unverständlich. Wildeshausen (Nieders.) ERICA GOOSMANN, 47 Nun diskutiert man wieder, ob die »NS«-Verbrechen und »NS«-Morde verjähren sollen. Welche Frage! -- Ich sage: Nein!...","1020","Diese Einstellung ist mir unverständlich. Wildeshausen (Nieders.) ERICA GOOSMANN, 47 Nun diskutiert man wieder, ob die »NS«-Verbrechen und »NS«-Morde verjähren sollen. Welche Frage! -- Ich sage: Nein! Gestern habe ich dem Bundeskanzler geschrieben, daß ich meine deutsche Staatsangehörigkeit aufgeben werde, wenn der Bundestag für eine solche Verjährung stimmen würde. Erkrath (Nrdrh.-Westf.) FRANZ J. FERVER Im In- und Ausland darf es nach Holocaust nicht zu der Moral des Onkel Nolte kommen: »Ei, ja! -- Da bin ich wirklich froh! Denn, Gott sei Dank! Ich bin nicht so!« Adendorf (Nieders.) UDO GIGGER Vielleicht läßt sich die »Tiefenwirkung« von Holocaust auch daran messen, ob es danach noch möglich ist, noch einmal ein ehemaliges Mitglied der NSDAP in das höchste Amt unserer Republik zu wählen. Norden (Nieders.) HANS SUERBIER Die Deutschen sind also erschüttert und betroffen. Aber es wäre doch zum Totlachen, wenn sie nicht spätestens ab Weiberfastnacht ihre alte Form wiedergefunden hätten. Bonn CHRISTA ARNHOLD"
"90","0.76231449842453","Zitat","1979-09-30","1979","40","","","","https://www.spiegel.de/politik/zitat-a-4d517bd2-0002-0001-0000-000039868783?context=issue","","1978-1979","»Wir haben in der Vergangenheit nicht deutlich gemacht, daß Nationalsozialisten in erster Linie Sozialisten waren und daß Nationalsozialisten Leute waren, die im großen und ganzen kollektivistische Lö...","280","»Wir haben in der Vergangenheit nicht deutlich gemacht, daß Nationalsozialisten in erster Linie Sozialisten waren und daß Nationalsozialisten Leute waren, die im großen und ganzen kollektivistische Lösungen angestrebt und durchgeführt hatten« (CSU-Generalsekretär Edmund Stoiber)."
"91","0.7622803449630737","Briefe","1954-03-16","1954","12","","","","https://www.spiegel.de/politik/meineid-a-dde171dc-0002-0001-0000-000028955594?context=issue","","1953-1957","(Nr. 10/1954, Deutschland) Aus Ihrem Artikel »Meineid - Wer ist der Vater« geht keineswegs hervor, ob sich dem Hochwürdigsten Herrn Geistlichen Rat nicht der böse Versucher in Gestalt einer kuranten N...","762","(Nr. 10/1954, Deutschland) Aus Ihrem Artikel »Meineid - Wer ist der Vater« geht keineswegs hervor, ob sich dem Hochwürdigsten Herrn Geistlichen Rat nicht der böse Versucher in Gestalt einer kuranten NS-Musikersgattin genähert hat. In diesem Falle wäre der Hochwürdigste Herr keinesfalls alimentenpflichtig und meineidig, sondern quasi Opfer des Faschismus und hätte somit einen ganz klaren Anspruch auf Wiedergutmachung ... Bonn Herbert Hoyer Der an demokratisches Denken gewöhnte Deutsche würde sich nicht darüber wundern, wenn das Verfahren gegen den Geistlichen Rat Bichler nach Paragraph 153 StPO wegen Geringfügigkeit eingestellt wird ... Hannover Wilhelm Hapke ... Ist dieser Hochwürdige Herr etwa noch im Amt? Berlin Werner Crusius Ja, in Landshut. - Red."
"92","0.7619394063949585","Winni und der gute Wolf","1976-02-29","1976","10","","['Bayreuth: Die Götter Dämmern']","","https://www.spiegel.de/politik/winni-und-der-gute-wolf-a-6d168232-0002-0001-0000-000041309418?context=issue","","1973-1977","Dann fand ich großartig die Idee, die Jugend von der Straße wegzuholen. Die Jugend hatte wieder ein Ziel, hatte Begeisterung, wurde im gesunden Sinne zum Sport angetrieben. Und immerhin ist es doch da...","1372","Dann fand ich großartig die Idee, die Jugend von der Straße wegzuholen. Die Jugend hatte wieder ein Ziel, hatte Begeisterung, wurde im gesunden Sinne zum Sport angetrieben. Und immerhin ist es doch damals gelungen, der Arbeitslosigkeit Herr zu werden; die Jahre von 1933 bis 1939 waren schließlich doch sehr fruchtbare Jahre für Deutschland. Und das Ausland hat in jeder Weise Hitler und damit auch den Nationalsozialismus anerkannt. Der gute Freund: Er war ein guter Freund, den man freudig begrüßte und gern als Gast bei sich hatte. Für uns war er überhaupt nicht der Führer, er war einfach der auf einer Seite fesselnde Mensch. Ich habe nie etwas Abstoßendes von ihm erlebt, das ist ja das Merkwürdige. Er hatte diesen österreichischen Herzenstakt, diese Wärme. Ich kannte ihn doch von 1923 bis 1945, das sind 22 Jahre; ich habe in diesen Jahren nie eine menschliche Enttäuschung an ihm erlebt. Ich meine, abgesehen natürlich von den Sachen, die draußen vor sich gingen. Aber das berührte mich ja nicht. Ich werde stets in Dankbarkeit seiner gedenken, weil er mir buchstäblich hier in Bayreuth die Wege bereitet hat und mir geholfen hat in jeder Weise. Und ich meine, dieses nachher so Gegen-ihn-Losgehen und gegen uns: Das halte ich für völlig unberechtigt. Wenn Hitler heute hier zur Tür reinkäme, ich wäre genauso fröhlich, so glücklich, ihn hier zu haben wie immer."
"93","0.7618772983551025","Der Delikatheit wegen","1951-11-06","1951","45","","['Gesamtdeutsche Wahlen']","","https://www.spiegel.de/politik/der-delikatheit-wegen-a-0f5ec88e-0002-0001-0000-000029195046?context=issue","","1948-1952","Länder mit mehr als zwei Millionen Einwohnern entsenden vier, Länder mit mehr als sechs Millionen Einwohnern fünf Vertreter.« Hier liegt die erste Diskrepanz zwischen Auftrag (durch den Bundestag) und...","1878","Länder mit mehr als zwei Millionen Einwohnern entsenden vier, Länder mit mehr als sechs Millionen Einwohnern fünf Vertreter.« Hier liegt die erste Diskrepanz zwischen Auftrag (durch den Bundestag) und Ausführung (durch die Regierung). Die Beschreibung der Kompetenzen der Versammlung muß vollständig sein. Wenn man ihr verfassunggebende Gewalt wörtlich zuweist und die drei vom Bundestag durch die Formulierung als gleichwertig bestimmten Kompetenzen (gesetzgebend, regierungsbildend, kontrollierend) wegläßt, so bedeutet das dann je nach Auslegung entweder: * daß nur eine Kompetenz, nämlich die Verfassunggebung, geklärt wird (diese Auslegung wird unterstützt durch den Titel der Wahlordnung; Titel von Gesetzen gelten als Präambeln und dienen der Auslegung des unter ihnen stehenden Gesetzestextes) oder * daß die anderen Kompetenzen zweitrangig sind, also nicht zur unumschränkten obersten Gewalt gehören. Diese Zweitrangigkeit - wenn man diese mildere Auslegung annehmen will - wird unterstrichen durch den Artikel VI: * »Die Nationalversammlung ist ermächtigt, unter Zustimmung des Länderausschusses die zur Durchführung der Grundsätze des Artikels V notwendigen sofortigen Maßnahmen zu treffen. * »Die Durchführung dieser Maßnahmen wird auf Wunsch der Nationalversammlung durch das oberste internationale Kontrollorgan (Artikel II Abs. 4) gewährleistet.« In dem Länderausschuß, der allen Beschlüssen der Nationalversammlung zugestimmt haben muß, ehe sie Gültigkeit erlangen, sind natürlich auch die sowjetzonalen Länder vertreten und zwar mit 23 von insgesamt 70 Sitzen. Dieser Ausschuß ist eine echte zweite Kammer, an deren Zustimmung zu der Verfassung und zu allen Sicherheitsmaßnahmen die Nationalversammlung nicht vorbeikommt. Zwar werden die Mitglieder des Länderausschusses von der Bevölkerung gewählt, aber: wer stellt die Kandidaten auf? Das steht nicht im Text."
"94","0.7613762021064758","BERLIN-PLÄNE","1956-12-04","1956","49","","","","https://www.spiegel.de/politik/berlin-plaene-a-69c63fa7-0002-0001-0000-000043064750?context=issue","","1953-1957","Bonner Politikern ist - im Zusammenhang mit der Weigerung der Bundesregierung, Dienststellen nach Berlin zu verlegen - ein Text zugespielt worden, in dem Konrad Adenauer ein Gespräch fixiert hat, das ...","945","Bonner Politikern ist - im Zusammenhang mit der Weigerung der Bundesregierung, Dienststellen nach Berlin zu verlegen - ein Text zugespielt worden, in dem Konrad Adenauer ein Gespräch fixiert hat, das er 1946 mit dem damaligen Vorstand der Sowjetzonen-CDU unter Jakob Kaiser führte. In dem Text des Kanzlers heißt es: »Ich stimmte bei der- Aussprache darin mit Ihnen überein, daß im Augenblick nicht der Zeitpunkt gegeben ist, über die Frage der künftigen Reichshauptstadt in der Öffentlichkeit zu reden. Das schließt aber nicht aus, daß man sich im engsten Kreis mit der Frage der zukünftigen Reichshauptstadt weiter beschäftigt. Ich glaube, ich habe in der Aussprache mit Ihnen keinen Zweifel darüber gelassen, daß m. E. dafür unter keinen Umständen Berlin - gleichgültig, ob besetzt oder nicht - in Frage kommt. Ich weiß mich darin mit der weitaus größten Zahl der Rheinländer und mit den süddeutschen maßgebenden Herren der CDU völlig einig.«"
"95","0.7602957487106323","Einig Vaterland","1974-10-13","1974","42","","","","https://www.spiegel.de/politik/einig-vaterland-a-7c70f6af-0002-0001-0000-000041652170?context=issue","","1973-1977","Anders als die DDR feierte die deutsche Minderheit in der Sowjet-Union den DDR-Gründungstag. Während sich die DDR von der deutschen Nation verabschiedete, veröffentlichte das Sprachrohr der Sowjet-Deu...","769","Anders als die DDR feierte die deutsche Minderheit in der Sowjet-Union den DDR-Gründungstag. Während sich die DDR von der deutschen Nation verabschiedete, veröffentlichte das Sprachrohr der Sowjet-Deutschen den vollen Text der DDR-Hymne (Melodie: »Good bye, Jonny""), der in der DDR selbst nicht mehr gesungen oder zitiert werden darf.« Freundschaft«, die auf Deutsch in Zelinograd (Kasachische Sowjetrepublik) erscheinende Tageszeitung, druckte unter der Überschrift »Nationalhymne der Deutschen Demokratischen Republik« dreispaltig alle drei Strophen, darunter die Worte: »Laß uns dir zum Guten dienen, Deutschland, einig Vaterland ... Glück und Friede sei beschieden Deutschland, unserm Vaterland. Und: »Der eignen Kraft vertrauend, steigt ein frei Geschlecht empor.«"
"96","0.7600599527359009","Guter Sozi","1973-04-22","1973","17","","['Fernsehen']","","https://www.spiegel.de/kultur/guter-sozi-a-0b8b8b93-0002-0001-0000-000042601673?context=issue","","1973-1977","So endet Falladas Roman, nicht aber das Fernsehspiel. Monk beschließt sein Langzeit-Werk mit einer Passage, die er selbst erfunden hat: Mit dem Schlachtruf »Nieder mit der Republik« zieht ein Nazi-Tru...","599","So endet Falladas Roman, nicht aber das Fernsehspiel. Monk beschließt sein Langzeit-Werk mit einer Passage, die er selbst erfunden hat: Mit dem Schlachtruf »Nieder mit der Republik« zieht ein Nazi-Trupp durch Altholm. Der Eingriff bedeutet eine berechtigte Kritik an Falladas sonst »sehr guter Geschichte« (Monk). Bei der Beurteilung der NSDAP, so moniert der Regisseur, sei der Romanautor einer »katastrophalen Fehleinschätzung« erlegen: Im Buch spielen die Nazis kaum eine Rolle. In Wirklichkeit bekamen sie in Schleswig-Holstein schon im Juli 1932 bei den Reichstagswahlen 51 Prozent der Stimmen."
"97","0.7597072720527649","Schmidt gegen Schmitz","1961-02-28","1961","10","","['Bestechung']","","https://www.spiegel.de/politik/schmidt-gegen-schmitz-a-4cf9009a-0002-0001-0000-000043159934?context=issue","","1958-1962","Indes, der Ruhm des bedeutenden, aber noch nie so oft und von so unterschiedlichen Interessenten gerühmten Professors Schmidt erschien alsbald wieder gefährdet: Zwei bis dahin als Autoren unbekannte J...","1551","Indes, der Ruhm des bedeutenden, aber noch nie so oft und von so unterschiedlichen Interessenten gerühmten Professors Schmidt erschien alsbald wieder gefährdet: Zwei bis dahin als Autoren unbekannte Juristen namens Kirschbaum und Schmitz unterzogen die Arbeit des produktivsten Autors der deutschen Strafrechtswissenschaftler einer ebenso pietätlosen wie vernichtenden Kritik. Sie befanden sich bei diesem kühnen Unternehmen prinzipiell im Vorteil: Im Gegensatz zu dem Kathedermann stellten sie ihre Untersuchung* unmittelbar auf die ihnen wohlbekannte Korruptionspraxis in der von Bonn aus regierten Bundesrepublik ab. Bei solchem Ausgangspunkt war nur natürlich, daß sich ihr Urteil von Schmidts liberaler Interpretation der Bestechungs-Paragraphen grundsätzlich unterschied. Der Professor hatte die harte Behandlung deutscher Bestech -Spezialisten als Nazi-Perversion abtun wollen und behauptet: - Bis 1940 habe das Reichsgericht bei der Anwendung des Paragraphen 332 StGB (schwere passive Bestechung) vorausgesetzt, daß der bestochene Beamte bei Annahme eines Geschenkes entschlossen war, seine Entscheidung zugunsten des Schenkers beeinflussen zu lassen. - Erst »in jenen bösen (nationalsozialistischen) Jahren« sei »die streng rechtsstaatliche Linie« zuungunsten der Beamten verlassen worden, indem das höchste Gericht nunmehr den Ermessensbeamten schon wegen der Geschenkannahme an sich nach der strengen Norm des Paragraphen 332 bestraft habe. Die Autoren Schmitz und Kirschbaum wollten diese verharmlosende Interpretation nicht gelten lassen."
"98","0.7596937417984009","Manfred Jenke: »Verschwörung von rechts?«","1962-01-16","1962","3","","['Neu In Deutschland']","","https://www.spiegel.de/kultur/manfred-jenke-verschwoerung-von-rechts-a-f80c9840-0002-0001-0000-000045137707?context=issue","","1958-1962","Zehn Jahre Forschungsarbeit, rund 411 Text- und 85 Dokumentationsseiten hat der 31jährige Redakteur, am Norddeutschen Rundfunk benötigt, um sich und seinen Lesern klarzumachen, daß es eine ernsthafte ...","649","Zehn Jahre Forschungsarbeit, rund 411 Text- und 85 Dokumentationsseiten hat der 31jährige Redakteur, am Norddeutschen Rundfunk benötigt, um sich und seinen Lesern klarzumachen, daß es eine ernsthafte Verschwörung von rechts in Deutschland zur Zeit nicht gebe. Die mit Akribie verfertigte Darstellung der zahlreichen Versuche rechtsradikaler Politiker, in den bürgerlichen Parteien von CDU bis BHE Fuß zu fassen, und umgekehrt die Anstrengungen eben jener Parteien, die Masse der ehedem mitgelaufenen kleinen NSDAP-Mitglieder als Wähler zu gewinnen, liest sich streckenweise wie ein Kriminalroman. (Colloquium Verlag, Berlin; 496 Seiten; 29,80 Mark.)"
"99","0.7595871090888977","Bonn: Touristen sollen werben","1978-07-30","1978","31","","","","https://www.spiegel.de/politik/bonn-touristen-sollen-werben-a-f3fd882e-0002-0001-0000-000040606565?context=issue","","1978-1979","Der Beitrag über »Besserwisserei« liest sich, als ob Kanzler Helmut Schmidt gemeint sei. Merksatz: »Man mag Besserwisser nicht besonders -- ob sie recht haben oder nicht. Die Urlauber sollen »das Bild...","615","Der Beitrag über »Besserwisserei« liest sich, als ob Kanzler Helmut Schmidt gemeint sei. Merksatz: »Man mag Besserwisser nicht besonders -- ob sie recht haben oder nicht. Die Urlauber sollen »das Bild vom Schulmeister Europas« zurechtrücken -- aus dem Text wird freilich nicht klar, wie. Zu den meistgenannten Vorbehalten gegenüber den Deutschen, ihrer NS-Vergangenheit, gibt es freilich überhaupt keine Anzeige und intern nur eine merkwürdige Erklärung: Der SPD-nahen Are-Agentur und dem von ihr engagierten Zeichner Pit Flick (Honorar 100 000 Mark) sei es nicht gelungen, das Thema überzeugend ins Bild zu setzen."
"100","0.7594467997550964","Nicht untergegangen","1952-01-01","1952","1","","['Reichsschulden']","","https://www.spiegel.de/politik/nicht-untergegangen-a-5b511617-0002-0001-0000-000021048434?context=issue","","1948-1952","Sie urteilte: »Da die Kläger außer ihren rechtlichen Ausführungen keinerlei Tatsachen behauptet haben, aus denen eine Uebernahmebehandlung der Beklagten zu ersehen ist, war festzustellen, daß die aus ...","1212","Sie urteilte: »Da die Kläger außer ihren rechtlichen Ausführungen keinerlei Tatsachen behauptet haben, aus denen eine Uebernahmebehandlung der Beklagten zu ersehen ist, war festzustellen, daß die aus der Anleiheschuld resultierende Verbindlichkeit zwar weiterhin besteht, aber nicht übernommen worden ist und daher nicht der Währungsumstellung unterliegt.« Weiter: »Nach Lage der Sache besteht die Anleiheschuld von 1940 nach wie vor, die Beklagte ist auch aus ihr verpflichtet. Sie ist jedoch mangels Uebernahme durch die Beklagte von der Umstellung ausgeschlossen und daher zur Zeit nicht realisierbar. Die Klage war daher abzuweisen.« Jetzt hofft Frau Kress mit ihren Leidensgenossen, die einmal insgesamt 1500 Millionen RM für die Reichsbahn zeichneten, auf das neue Gesetz aus Bonn, das die Stellung des Bundes zu den Reichsschulden endgültig klären soll. Vorgeschrieben war der Erlaß einer solchen gesetzlichen Stellungnahme des Bundes bereits im Bonner Grundgesetz. Grafik: WIE SEHEN SIE DEM NEUEN JAHRE ENTGEGEN? fragte das Institut für Demoskopie in Allensbach am Bodensee einen repräsentativen Querschnitt der westdeutschen Bevölkerung jeweils kurz vor Silvester 1949, 1950 und 1951. Es sahen entgegen:"
"101","0.7592058181762695","»... als Beule betrachten am Volkskörper«","1979-07-15","1979","29","","","","https://www.spiegel.de/politik/als-beule-betrachten-am-volkskoerper-a-d16f78cb-0002-0001-0000-000040349747?context=issue","","1978-1979","Wir können es nur von der Sache her sehen. So, wie ich informiert bin ob das richtig ist, möchte ich auch wieder offenlassen -, hat das Deutsche Reich damals die Juden insgesamt als Nichtarier angebot...","1803","Wir können es nur von der Sache her sehen. So, wie ich informiert bin ob das richtig ist, möchte ich auch wieder offenlassen -, hat das Deutsche Reich damals die Juden insgesamt als Nichtarier angeboten an sämtliche nichtarische Staaten zwecks Übernahme. Warum dem nicht gefolgt ist von Leuten, die heute den Mund aufmachen, kann ich nicht beurteilen. Bin 'n ganz winziger Staatsbürger. Also kann man uns auf der andern Seite aber auch nicht vorwerfen, nachdem die damalige Staatsform die Leute nicht haben wollte, kann man ihr auch nicht vorwerfen, ihr habt sie timgebracht. Man könnte jetzt den Spieß umdrehen, könnte sagen: Ihr habt sie ja nicht gewollt. SCHÜLER: Wenn man darüber reden sollte, was passiert ist, wie meinen Sie, wie man das machen könnte? BÜRGER: Nach vierzig vollen Jahren ist keiner mehr in der Lage, das genau zu rekonstruieren, wie es überhaupt gewesen ist. Und dadurch gibt es Fehlurteile. Und dadurch sollte man diesen Mist mal endlich begraben. BÜRGER (über die heutige Suchtkrank an -- Abteilung in, psychiatrischen Krankenhaus von Hadamar): ... daß wir jetzt wieder zu irgend etwas gezwungen werden, was wir gar nicht wollten, und zwar, wir möchten sicher kranken Menschen helfen, wir möchten aber nicht einen negativen Namen Hadamar in Verbindung mit der Anstalt haben, das möchte niemand von uns. BÜRGER: Das haben wir ja schon wieder. BÜRGER: Warum ist es denn im Moment wieder im Gespräch, daß sie eben Suchtkranke, suchtkranke Kriminelle hier wieder hoch verlegen wollen, eine Sache, wo wir uns schon vor Jahren. ich bin net der Älteste, noch jung, von seiten der Jungen Union her gegen gewehrt haben, daß es hieß, Kriminelle und so weiter hoch auf die Anstalt. BÜRGER: Aber wir werden jetzt genau überfahren mit den Suchtkranken wie damals eben im Nationalsozialismus."
"102","0.7587540149688721","Kombinationen für Witwen","1956-01-03","1956","1","","['Anton Storch']","","https://www.spiegel.de/politik/kombinationen-fuer-witwen-a-5b037c9f-0002-0001-0000-000031587130?context=issue","","1953-1957","Auch in dieser Zeit verstand es Storch, nach Holland zu reisen und sich dort mit Repräsentanten der Christlichen Gewerkschaftsinternationale zu treffen. In diesen schweren Zeiten hatte der verbitterte...","1946","Auch in dieser Zeit verstand es Storch, nach Holland zu reisen und sich dort mit Repräsentanten der Christlichen Gewerkschaftsinternationale zu treffen. In diesen schweren Zeiten hatte der verbitterte, hinausgeworfene Mann nur eine Freude: den Preisskat. Es waren für ihn lichte Augenblicke, wenn er mit einer Gans oder einem anderen Skatgewinn nach Hause gehen konnte. Als 1939 der Krieg kam, wurde der Versicherungsvertreter Anton Storch« inzwischen 47 Jahre alt, zum »Sicheiheits- und Hilfsdienst« dienstverpflichtet, damit, er nach Fliegerangriffen auf Hannover löschen helfe. Er wurde in der hannoverschen Hauptfeuerwache am Goetheplatz stationiert. Als ein Haus fast über ihm zusammenstürzte, mußte er mit einer Rauchvergiftung ins Bett. In diesen Jahren traf ihn ein- schwerer Schlag.- Sein einziger Sohn wurde beim Spielen mit einer geladenen SA-Pistole, die ein Freund mitgebracht hatte, tödlich verletzt. In jenen Jahren, da der spätere Sozialreformer Storch in Hannover Brände löschte und Ruinen einriß, wurden die Prinzipien, nach denen die Sozialversicherung vor der Jahrhundertwende als Schutz für die Armen geschaffen worden war, weiter durchlöchert. Seit 1941 kann sich jeder, ob Fabrikbesitzer, Beamter oder ]Hausierer, von der Allgemeinheit mitversorgen lassen. Er braucht nur vor dem 40. Lebensjahr in die Sozialversicherung einzutreten: Dann kann er sich im Alter eine Rente abholen. Der Grundbetrag, den der Staat -für jeden Sozialversicherten zuschießt, ist dem Versicherten in jedem -Falle sicher. War er gewitzt genug, die Angestelltenversicherung zu nehmen, dann bekommt der Versicherte, wie reich er auch sein mag, vom Staat monatlich 70 Mark für seine Zukunftssicherung geschenkt. Denn so hoch ist hier der Grundbetrag. Je näher das Ende des Krieges rückte, desto mehr machten sich Anton Storch und seine Freunde Gedanken darüber, wie wohl nach dem Zusammenbruch des Nationalsozialismus wieder angefangen werden könnte."
"103","0.7586995363235474","Verfolgen - für ein besseres Deutschland?","1974-06-30","1974","27","","","","https://www.spiegel.de/politik/verfolgen-fuer-ein-besseres-deutschland-a-71f10c71-0002-0001-0000-000041696655?context=issue","","1973-1977","Volksgenossen -- der Ausschluß Artfremder von der unterschiedslosen Benützung von Einrichtungen in der Hand des Staates oder der Gemeinden, etwa gemeindlicher Badeunternehmungen, ist ... also keine Ve...","1294","Volksgenossen -- der Ausschluß Artfremder von der unterschiedslosen Benützung von Einrichtungen in der Hand des Staates oder der Gemeinden, etwa gemeindlicher Badeunternehmungen, ist ... also keine Verletzung, sondern eine Erfüllung seines Gleichheitssatzes.« Sie alle, Forsthoff, Maunz und die Unzähligen in anderen Bereichen, hat nie ein Schatten beschwert, sie sind nie verfolgt worden, wie auch Kurt Georg Kiesinger nicht verfolgt, sondern Bundeskanzler wurde. Frau Klarsfelds Ohrfeige hat eine Zäsur gesetzt: eine Zäsur jedoch, die fast allein sie nicht begriffen hat. Sie verfolgt, sie meint noch in Gang bringen, wecken, aufrufen zu müssen. Sie glaubt, ein besseres Deutschland sei mir jenes, das weiter und erst recht hinter tatsächlich oder vom Schreibtisch her blutigen Händen her ist. Doch die Bundesrepublik, die begriffen hat -- sie hat die neue Schuld auf sieh genommen, die darin liegt, daß die Vergangenheit nicht bewältigt worden ist. Sie hat erkannt, daß sie dort gegen die Vergangenheit ankämpft und ihre Wiederholung verhindert, wo sie sich gegenwärtigen Nöten stellt; den Problemen der Randgruppen beispielsweise oder den Folgen der Ungeduld junger Leute -- jenem »Hitler in uns selbst«, den die direkte Auseinandersetzung mit der NS-Vergangenheit längst nicht mehr trifft."
"104","0.7581201791763306","Briefe","1952-07-15","1952","29","","","","https://www.spiegel.de/politik/hans-habe-a-66d23bdc-0002-0001-0000-000021977334?context=issue","","1948-1952","Das Opus »Ob tausend fallen« von Hans Habe ist in Deutschland bereits veröffentlicht worden! Und zwar in einer Zeitung, die sich heute nationalistisch und soldatisch gebärdet und deren Lizenzträger ni...","786","Das Opus »Ob tausend fallen« von Hans Habe ist in Deutschland bereits veröffentlicht worden! Und zwar in einer Zeitung, die sich heute nationalistisch und soldatisch gebärdet und deren Lizenzträger niemals eine klare Linie gezeigt haben: DER TAGESSPIEGEL hat dieses antideutsche, antisoldatische, ressentimentgeladene Werk »Ob tausend fallen« von Januar 1947 bis April 1947 abgedruckt. Heute werden in der IBZ des gleichen Verlages, den Herr Erik Reger dirigiert, die Memoiren des Prinzen Louis Ferdinand veröffentlicht und Herr Tagesspiegel-Chefredakteur Reger - alias Dannenberger - zeigt sich monarchistisch. Damals dachte er anders. Heute ist sein Blatt streng antikommunistisch. Vor 1945 schrieb Chefredakteur Reger unsignierte Artikel im SIGNAL. Berlin-Wilmersdorf Maria Matscheck"
"105","0.7579528093338013","Datum: 15. Januar 1979 Bundesrepublik","1979-01-14","1979","3","","['Hausmitteilung']","","https://www.spiegel.de/politik/datum-15-januar-1979-bundesrepublik-a-045de8bc-0002-0001-0000-000040351277?context=issue","","1978-1979","Der vollständige Text seines neuen Buches »Deutschland -- ein schwieriges Vaterland. Zur Politischen Kultur Deutschlands« wird im List Verlag, München, erscheinen.","163","Der vollständige Text seines neuen Buches »Deutschland -- ein schwieriges Vaterland. Zur Politischen Kultur Deutschlands« wird im List Verlag, München, erscheinen."
"106","0.7577894330024719","»Deutsch können wir beide«","1976-05-16","1976","20","","","","https://www.spiegel.de/politik/deutsch-koennen-wir-beide-a-5f1bddee-0002-0001-0000-000041237574?context=issue","","1973-1977","Das durfte nicht sein. So legte ich mir die notwendige Reserve auf. (Später rückten Verstärkungen der Volkspolizei und linientreue Betriebsgruppen an, die nun in Sprechchören nach Stoph riefen und die...","1960","Das durfte nicht sein. So legte ich mir die notwendige Reserve auf. (Später rückten Verstärkungen der Volkspolizei und linientreue Betriebsgruppen an, die nun in Sprechchören nach Stoph riefen und die »Anerkennung« forderten.) Um 10 Uhr gingen die Delegationen ins Konferenzzimmer, in dem die üblichen Erfrischungen bereit standen. In meiner Begleitung waren Bundesminister Franke, der Parlamentarische Staatssekretär (und FDP-Bundestagsabgeordnete) Wolfram Dorn, Conrad Ahlers, Ulrich Sahm vom Kanzleramt und Jürgen Weichert vom Ministerium für innerdeutsche Beziehungen. Stoph war von Außenminister Winzer, dem Staatssekretär beim Ministerrat Dr. Michael Kohl (dem späteren Bevollmächtigten in Bonn), Günther Kohrt (Staatssekretär im Außenministerium), den Beamten Dr. Gerhard Schüßler und Dr. Hans Voll begleitet. In einer einleitenden, fast einstündigen Erklärung nannte Stoph unser Treffen »ein Ereignis von politischer Tragweite«. Ihm war nicht zu widersprechen, als er sagte, unsere beiden Regierungen trügen »eine große Verantwortung dafür, daß niemals wieder von deutschem Boden ein Krieg ausgeht«. Was er im übrigen zu sagen hatte, war nicht ergiebig. Er hielt sich mit überflüssiger Polemik auf, demonstrierte die angebliche Unfehlbarkeit kommunistischen Denkens und konzentrierte seine ganze Argumentation auf die Anerkennung, so wie sie von der Führung der DDR gesehen wurde. Vielleicht vermittelt es einen Eindruck von der Konfrontation der Standpunkte, wenn ich die Ausführungen zu einigen wesentlichen Fragen nebeneinander stelle. Zunächst erinnerte ich in meiner Erklärung daran, daß 25 Jahre vergangen seien, seit die nationalsozialistische Gewaltherrschaft im Zusammenbruch des Deutschen Reiches endete: »Dieses Ereignis verbindet uns alle, die wir hier am Tische sitzen, was auch sonst uns trennen mag. Die Welt war erfüllt von dem Grauen über die Untaten, die im deutschen Namen verübt, über die Zerstörungen, die angerichtet worden waren."
"107","0.7577222585678101","Briefe","1977-05-08","1977","20","","","","https://www.spiegel.de/politik/kalt-ueber-den-ruecken-a-33eff1d0-0002-0001-0000-000040915596?context=issue","","1973-1977","(Nr. 18/1977, Kriegsverbrechen: Arier-Nachweis im KZ-Prozeß) Es muß einem kalt über den Rücken laufen, dank des noch bestehenden Naziungeistes. Nur weil der als Sachverständiger vernommene Historiker ...","1276","(Nr. 18/1977, Kriegsverbrechen: Arier-Nachweis im KZ-Prozeß) Es muß einem kalt über den Rücken laufen, dank des noch bestehenden Naziungeistes. Nur weil der als Sachverständiger vernommene Historiker Wolfgang Scheffler, dessen frühere Äußerung »der 1939 von Hitler entfesselte Krieg« beanstandet worden war, mit jüdischen Wissenschaftlern kooperiert hat, glaubt die Verteidigung, ihn als befangen ablehnen zu müssen. Wir empfinden den durch die Verteidigung erzwungenen Ahnen- und Gesinnungs-Nachweis als Bruch unseres Grundgesetzes. Wir verurteilen aufs schärfste den schleppenden und für die Opfer der Angeklagten diskriminierenden Verlauf des Prozesses. Köln MATHIAS JAEGER Komische Gesellschaft für Christlich-Jüdische Zusammenarbeit e. V. Als Jurastudent und historisch interessierter Bürger nahm ich des öfteren an Majdanek-Verhandlungen teil. Trotz der bewundernswerten Haltung des Vorsitzenden Bogen kann sich hier nur der Eindruck der Prozeßverschleppung aufdrängen. Denn in welche Kategorie sollte man sonst die Frage von Verteidiger Bock einordnen, wenn er einen ehemaligen Kapo zu irritieren versucht, indem er ihn fragt, ob es sich bei der Öffnung in der Tür zur Gaskammer um ein »Guckloch« oder »ein kleines Fenster« handelte. Erkrath (Nrdrh.-Westf.) FRANK WITTE"
"108","0.7576155662536621","Briefe","1952-09-02","1952","36","","","","https://www.spiegel.de/politik/brandstiftung-a-1d6e0d72-0002-0001-0000-000021977664?context=issue","","1948-1952","(Nr. 32/52, Deutschland) Der zweite Tag des Prozesses gegen den Forstmeister Küsswetter und Genossen hatte für die Aufklärung des Tatmotivs eine überraschende Wendung gebracht, über die merkwürdigerwe...","815","(Nr. 32/52, Deutschland) Der zweite Tag des Prozesses gegen den Forstmeister Küsswetter und Genossen hatte für die Aufklärung des Tatmotivs eine überraschende Wendung gebracht, über die merkwürdigerweise der SPIEGEL in seinem sonst so ausführlichen Bericht nichts gemeldet hat. Der angeklagte Forstmeister erklärte nämlich, er habe bisher geschwiegen, um die seit langem schwebende Verhandlung der deutschen Stellen mit der Besatzungsmacht zwecks Rückgabe der Jagdhoheit an Deutschland nicht durch Tatsachen zu stören, die während der Verhandlung hätten geheim bleiben müssen. Um die seit 1945 in seinem Dienstbezirk einsetzende Gamsschlächterei abzustellen, habe er keinen anderen Ausweg gehabt, als die Hütten zu vernichten, die für die wildschießenden Besatzungsjäger als Unterkünfte dienten. Lüneburg Hans Bruns"
"109","0.757573664188385","Im Wartestand","1961-02-28","1961","10","","['Ns-Abwicklungsgesetz']","","https://www.spiegel.de/politik/im-wartestand-a-97acc72d-0002-0001-0000-000043159912?context=issue","","1958-1962","Für diejenigen ehemaligen NS-Angestellten, die in den Genuß einer Entschädigung kommen sollen, ist es unerheblich, daß vom einstigen NS-Vermögen nur noch spärliche Reste übriggeblieben sind. Die »Verb...","1128","Für diejenigen ehemaligen NS-Angestellten, die in den Genuß einer Entschädigung kommen sollen, ist es unerheblich, daß vom einstigen NS-Vermögen nur noch spärliche Reste übriggeblieben sind. Die »Verbindlichkeiten« nach dem NS-Abwicklungsgesetz, die weit höher sind als die verfügbare Masse, müssen aus dem Bundesetat mitfinanziert werden. Dem Bundesfinanzministerium schien es allerdings immer wieder zu riskant, den Bundestag und das Wählervolk mit seinem Abwicklungs-Gesetzentwurf vertraut zu machen. Sogar der am Gesetzentwurf beteiligte, sonst so forsche Gerhard Schröder schreckt davor zurück, zum jetzigen Zeitpunkt mit einem so explosiven Gesetz aufzuwarten: Angesichts der zahlreichen KZ-Verfahren und des anstehenden Eichmann-Prozesses könnte es im Ausland einen ungünstigen Eindruck machen, wenn ausgerechnet jetzt die ehemaligen Büroverwalter der NSDAP aus Bundesmitteln gespeist würden. So darf denn der NSDAP-Kassenleiter außer Diensten Drechsler kaum hoffen daß sein Wunsch nach Rentenerhöhung noch von diesem Bundestag erfüllt wird. Der Gesetzentwurf soll nun in der Schublade bleiben, bis bessere Zeiten kommen."
"110","0.7572250366210938","Briefe","1949-03-04","1949","10","","","","https://www.spiegel.de/politik/nagel-auf-den-kopf-a-433de7d3-0002-0001-0000-000044436011?context=issue","","1948-1952","Es ist nur allzu wahr, was Willy Forst in seinem »Nachwort zum Fall Piefke« schreibt (SPIEGEL Nr. 5/49). Forst trifft den Nagel auf den Kopf seiner lieben Landsleute. Denn ich persönlich kann auch ein...","1016","Es ist nur allzu wahr, was Willy Forst in seinem »Nachwort zum Fall Piefke« schreibt (SPIEGEL Nr. 5/49). Forst trifft den Nagel auf den Kopf seiner lieben Landsleute. Denn ich persönlich kann auch ein Liedchen davon singen. Wir lernten, als wir 1943 ausgebombt von Köln nach Wien kamen, eine Kunsthändlerin kennen, die uns zu Ehren ein kleines Künstlerfest gab. Unter den Eingeladenen war auch eine Wienerin, vielleicht 50 Jahre alt, die kaum, daß sie unsere westliche Aussprache hörte, in lautes Geschimpfe ausbrach und uns Nazis und Reichsdeutsche nannte. Es war schwer für unsere Gastgeberin, die Dame zu beruhigen und immer wieder zu erklären, daß wir vollkommen »in Ordnung« seien. Mein Mann und ich haben uns damals stumm lächelnd angesehen. »Das ist doch bestimmt nazihaft«, dachten wir beide. Es war dies das erste und letzte Mal, daß uns überhaupt jemand unserer Sprache und Heimat (Köln) wegen als Nazis bezeichnete. Und es blieb einer Wienerin vorbehalten, sich derart zu blamieren. Köln LIS BÖHLE-SCHMITT"
"111","0.7571141719818115","RICHARD JAEGER","1961-04-18","1961","17","","","","https://www.spiegel.de/politik/richard-jaeger-a-cfc7995d-0002-0001-0000-000043160856?context=issue","","1958-1962","In der nationalsozialistischen Zeit wurde der Katalog der Straftoten, die mit dem Tode bedroht waren, radikal erweitert. Allein während des Zweiten Weltkriegs wurden nach amtlichen Schätzungen mindest...","1331","In der nationalsozialistischen Zeit wurde der Katalog der Straftoten, die mit dem Tode bedroht waren, radikal erweitert. Allein während des Zweiten Weltkriegs wurden nach amtlichen Schätzungen mindestens 16000 Todesurteile gegen Zivilpersonen durch Kugel, Fallbeil oder Galgen vollstreckt und insgesamt etwa 15000 deutsche Soldaten mit und ohne Urteil umgebracht. (Von 1914 bis 1918 wurden im Bereich der gesamten deutschen Armee 150 Todesurteile verhängt, davon 48 vollstreckt.) Als der Parlamentarische Rat 1949 das Grundgesetz beriet, beantragte der damalige DP-Abgeordnete Seebohm die Abschaffung der Todesstrafe, um »ganz grundsätzlich die Abkehr des deutschen Volkes von jedem Gewaltsystem und seine Abscheu vor der Fülle vollstreckter Todesurteile in den letzten 15 Jahren« zu bekunden. Der Parlamentarische Rat beschloß mit überwiegender Mehrheit, unter anderem gegen die Stimme Konrad Adenauers, den Artikel 102 des Grundgesetzes: »Die Todesstrafe ist abgeschafft.« Während im Bundestag mehrere Anträge der Deutschen Partei und der CSU, die Todesstrafe wiedereinzuführen, abgelehnt wurden, beschloß der Bayrische Landtag 1951 mit den Stimmen der Bayernpartei und der Mehrheit der CSU: »Die (bayrische) Staatsregierung wird ersucht, beim Bund auf die Wiedereinführung der Todesstrafe bei Verbrechen des Mordes hinzuwirken.«"
"112","0.7567559480667114","Adresse","1953-12-08","1953","50","","","","https://www.spiegel.de/politik/adresse-a-5045a5e7-0002-0001-0000-000025658075?context=issue","","1953-1957","In das Manuskript der Ulbricht'schen Volkskammerrede am Vortage der Überreichung der letzten sowjetischen Note war durch die Karlshorster Zensur ein Absatz eingefügt worden, in dem die Möglichkeit ein...","1351","In das Manuskript der Ulbricht'schen Volkskammerrede am Vortage der Überreichung der letzten sowjetischen Note war durch die Karlshorster Zensur ein Absatz eingefügt worden, in dem die Möglichkeit einer Begrenzung zukünftiger gesamtdeutscher Polizeikräfte angesprochen wird (""Wir haben wiederholt unsere Bereitschaft dargelegt ...,auch solche Fragen zu beraten ..., wie zum Beispiel die Frage der Stärke der Polizei, ihre Bewaffnung, ihre Standorte, ihre Aufgaben. Ich erkläre namens der Regierung auch heute aufs neue unsere Bereitschaft zu solchen Verhandlungen ...""). Dieser Absatz war offenbar an die Adresse Frankreichs gerichtet, und in SED-Kreisen herrscht der Eindruck, daß der Moskauer Note entweder inoffizielle sowjetischfranzösische Fühlungnahmen oder direkte Besprechungen zwischen der Kommunistischen Partei Frankreichs und der KPdSU vorausgegangen waren. In den Karlshorster Sprachregelungen zur bevorstehenden Berliner Viermächte-Konferenz wurde besonders eindringlich darauf hingewiesen, daß der ganze Elan der SED-Propaganda auf eine Gewinnung französischer Sympathien für die Wiedervereinigung Deutschlands zu richten sei. Es solle insbesondere herausgestellt werden, daß ein wiedervereinigtes, neutralisiertes Deutschland für Frankreich ein geringeres außenpolitisches Risiko darstelle, als ein wiederaufgerüstetes Westdeutschland."
"113","0.7564501762390137","Briefe","1951-06-12","1951","24","","","","https://www.spiegel.de/politik/ns-geschichte-a-2844507f-0002-0001-0000-000029194141?context=issue","","1948-1952","(Nr. 17/51, Deutschland) Im Hinblick auf die beschränkten Etatmittel des Deutschen Instituts für Geschichte der NS-Zeit beschloß das Kuratorium am 28. 2. 51 Einsparungen, von denen eine Reihe bereits ...","942","(Nr. 17/51, Deutschland) Im Hinblick auf die beschränkten Etatmittel des Deutschen Instituts für Geschichte der NS-Zeit beschloß das Kuratorium am 28. 2. 51 Einsparungen, von denen eine Reihe bereits besetzter Referate betroffen wird, darunter das von Dr. Schönwiese auftragsgemäß verwaltete. In Würdigung seiner Mitarbeit beim bisherigen Aufbau des Instituts soll die Frage seiner weiteren Verwendung im Honorarverhältnis geprüft werden. Zu seiner Forschungsarbeit über die staats- und verfassungsgeschichtliche Entwicklung des Nationalsozialismus äußerte sich Dr. Schönwiese, selbst politisch Verfolgter: »Es kann nicht darauf ankommen, bestimmte Tendenzen zu verfolgen oder den Nationalsozialismus nachträglich zu beschimpfen, sondern auf Grund objektiv wissenschaftlicher Forschung dem deutschen Volk die reine Wahrheit aufzuzeigen, damit es durch eigene Ueberzeugung vor neuer politischer Abirrung bewahrt wird.« München Karl Stankiewitz"
"114","0.7563140392303467","Befreiung","1951-05-14","1951","20","","","","https://www.spiegel.de/politik/befreiung-a-c82c4509-0002-0001-0000-000029193919?context=issue","","1948-1952","Zum ostzonalen Nationalfeiertag, dem sechsten Jahrestag der Kapitulation, vermerkte die sowjetamtliche »Tägliche Rundschau"": »Gewiß, auch Soldaten der Westmächte waren zeitweise am Krieg gegen das fas...","524","Zum ostzonalen Nationalfeiertag, dem sechsten Jahrestag der Kapitulation, vermerkte die sowjetamtliche »Tägliche Rundschau"": »Gewiß, auch Soldaten der Westmächte waren zeitweise am Krieg gegen das faschistische Deutschland beteiligt«. Seine Befreiung aber verdanke Deutschland allein der Sowjetunion. Ueber den Aufruf, alle Deutschen müßten zusammen kämpfen, wenn »das Werk der Befreiung in ganz Deutschland Wirklichkeit« werden solle, kommt die »Tägliche Rundschau« zu dem Schluß: »Noch ist nicht ganz Deutschland befreit.«"
"115","0.75614333152771","Die Widerstands-Philatelie","1957-02-05","1957","6","","['Fälschungen']","","https://www.spiegel.de/politik/die-widerstands-philatelie-a-75e7d4b4-0002-0001-0000-000041120421?context=issue","","1953-1957","Mit beträchtlichem Stolz weist Kleine zwei von ihm entworfene Briefmarken -Nachschöpfungen dieser Art vor: - Den Nachdruck einer »DDR«-Sondermarke zum »Tag der Menschenrechte«, auf dem - in der Aufmac...","1474","Mit beträchtlichem Stolz weist Kleine zwei von ihm entworfene Briefmarken -Nachschöpfungen dieser Art vor: - Den Nachdruck einer »DDR«-Sondermarke zum »Tag der Menschenrechte«, auf dem - in der Aufmachung vom Original kaum zu unterscheiden - steht: »Tag der Menschen ohne Rechte« und »Deutsche sind Sklaven der Sowjets« (siehe Bild). - Die veränderte Marke zum Jubiläum der Universität Greifswald. Diese Marke, die von westlichen Philatelie -Experten als glänzende graphische Leistung bezeichnet wird, zeigt einen in das Universitäts-Wappen einkopierten, mit MP und Knute bewaffneten Rotarmisten und den (abgeänderten) Text »Sowjetpanzer morden Ungarns Arbeiter, Bauern, Studenten, die für nationale u. soziale Freiheit kämpfen (siehe Bild). Was die psychologische Kriegführung mit Briefmarkenfälschungen nun in einem eigenartigen Licht erscheinen läßt, ist die Tatsache, daß westdeutsche Philatelisten in den letzten Monaten dann und wann unter ihrem Posteingang Kuverts fanden, die mit Propaganda-Marken nach Art des Kleine beklebt waren. In den beiliegenden Briefen wurden die Sammler darauf hingewiesen, daß sie weitere Exemplare »unserer schönen Sonderbriefmarken« erwerben könnten, wenn sie 50 Pfennig an eine westliche (Deck-)Adresse einschicken. Tatsächlich erhielten Sammler, die auf dieses verlockend billige Angebot eingingen, nach einiger Zeit einen in der Sowjetzone abgestempelten Brief, der mit dieser oder jener der. Kleineschen Propagandamarken beklebt war."
"116","0.7559435963630676","Dreißiger Jahre: Ermattet in die Diktatur","1977-03-06","1977","11","","","","https://www.spiegel.de/kultur/dreissiger-jahre-ermattet-in-die-diktatur-a-026f74e0-0002-0001-0000-000041019388?context=issue","","1973-1977","Dergleichen ist zwar noch lange nicht mit Nazimalerei zu verwechseln. aber der Vergleich wirkt auch keineswegs so eindeutig als Kontrast, wie die Münchner Veranstalter das beabsichtigt hatten. Und er ...","1362","Dergleichen ist zwar noch lange nicht mit Nazimalerei zu verwechseln. aber der Vergleich wirkt auch keineswegs so eindeutig als Kontrast, wie die Münchner Veranstalter das beabsichtigt hatten. Und er macht, im Beispiel, anschaulich, daß die Kunst von der Diktatur in einer Phase der Ermattung ereilt wurde. Der NS-genehmen Pinselkunst mit ihrem hohl-gefühligen Pathos (und sei es bei Betrachtung einer »Kunstzeitschrift""), die an die Genremalerei des 19. Jahrhunderts anknüpfte, entspricht die Produktion der »Vereinigung der Künstler des Revolutionären Rußland« (AChRR). Diese Maler idyllischer Land- und Fabrikarbeit, vorbildlicher Stahlwerker und Kolchoswächter, mit denen die OST-Künstler heftig haderten, waren aber längst in Gunst bei der Partei und gaben im 1932 verordneten Einheits-Künstlerbund je länger je mehr die Richtung an. Die Berliner Aussteller nennen das, streng, eine »schleichende Entpolitisierung der Kunst«. ln der Münchner Ausstellung und im Münchner Katalog muß man die politischen Aspekte genauer suchen, aber man findet sie noch im Leibgeberverzeichnis. Das sagt auch aus, wie große Kunst dem »Schauplatz Deutschland« abhanden kam. Drei überragende Gemälde der »Dreißiger Jahre«, Max Beckmanns Triptychon »Abfahrt«, Richard Oelzes »Erwartung« und Oskar Schlemmers »Bauhaustreppe«, sind aus dem New Yorker Museum of Modern Art geliehen."
"117","0.7559217810630798","Briefe","1978-02-05","1978","6","","","","https://www.spiegel.de/politik/entschieden-zurueckgewiesen-a-c6abdb14-0002-0001-0000-000040616634?context=issue","","1978-1979","(Nr. 50/1977, Kultur/ Geschäfte mit Nazi-Tönen: »Die Plattenmacherin Hocheder hatte beispielsweise das SS-Lied »Wenn alle untreu werden« ... vom Essener Polizeichor singen lassen"") Ich muß feststellen...","949","(Nr. 50/1977, Kultur/ Geschäfte mit Nazi-Tönen: »Die Plattenmacherin Hocheder hatte beispielsweise das SS-Lied »Wenn alle untreu werden« ... vom Essener Polizeichor singen lassen"") Ich muß feststellen, daß zwar ein Angebot zur Mitwirkung von der Produzentin Frau Hocheder an den Polizeichor herangetragen wurde, allerdings mit der vorgegebenen Absicht, ein Tondokument aus der Nazizeit erstellen zu wollen. Dieses Ansinnen wurde jedoch entschieden zurückgewiesen, weil der Essener Polizeichor sich nicht zum Instrument falschverstandener Geschichtsbewältigung machen lassen wollte. Der Vorstand des Chores handelte dabei in dem Bewußtsein, daß der Polizeichor von jeglicher Nähe zum nationalsozialistischen Unrechtsstaat freigehalten werden muß, weil eine Beteiligung des Chores in der angebotenen Form eine Verzerrung des Bildes von der Polizei in der Öffentlichkeit zur Folge gehabt hätte. Essen ALFRED BREDE Vorsitzender des Essener Polizeichores"
"118","0.7557775378227234","Ernst (""Putzi"") Hanfstaengl","1957-10-22","1957","43","","","","https://www.spiegel.de/politik/ernst-putzi-hanfstaengl-a-ce5bcfa0-0002-0001-0000-000041758860?context=issue","","1953-1957","Ernst (""Putzi"") Hanfstaengl, 70, Kunsthistoriker und Schriftsteller in München, ehemals Intimus Adolf Hitlers und Auslandspressechef der NSDAP (1931 bis 1934), der 1937 mit dem Nationalsozialismus geb...","853","Ernst (""Putzi"") Hanfstaengl, 70, Kunsthistoriker und Schriftsteller in München, ehemals Intimus Adolf Hitlers und Auslandspressechef der NSDAP (1931 bis 1934), der 1937 mit dem Nationalsozialismus gebrochen hatte und ins Ausland geflüchtet war, monierte in einem Brief an das amerikanische Nachrichten-Magazin »Newsweek«, daß er im vierten August-Heft des Magazins vorbehaltlos als »Hofnarr Hitlers« bezeichnet worden war. Schrieb Dr. Hanfstaengl: Jeder Mensch in der Umgebung Hitlers, der gesonnen war, ihm die Wahrheit zu sagen, habe zwangsläufig diese Rolle (""Hofnarr"") spielen müssen. Jeder Kenner der Weltgeschichte werde bestätigen, daß es in einem solchen Fall nur zwei Möglichkeiten gebe. Entweder sage man seine Meinung geradeheraus und lasse sich die Gurgel durchschneiden, oder man spiele den Idioten und sage mit naivem Grinsen die Wahrheit."
"119","0.7551469206809998","Seminar im Knast","1979-01-07","1979","2","","['Ddr']","","https://www.spiegel.de/politik/seminar-im-knast-a-aa6f9197-0002-0001-0000-000040351709?context=issue","","1978-1979","Obwohl Schönes Verse in der DDR ausschließlich im Freundeskreis verlesen wurden oder per privater Abschrift kursierten, schien der DDR-Obrigkeit Gefahr im Verzuge. Auf zweieinhalb Jahre Freiheitsentzu...","1024","Obwohl Schönes Verse in der DDR ausschließlich im Freundeskreis verlesen wurden oder per privater Abschrift kursierten, schien der DDR-Obrigkeit Gefahr im Verzuge. Auf zweieinhalb Jahre Freiheitsentzug lautete das am 8. Dezember vergangenen Jahres verkündete Urteil Absitzen mußte Schöne, dem die DDR-Justiz schon einmal wegen »asozialen Verhaltens« zu zwei Jahren Arbeitslager verhalf, diese Strafe indessen nicht. Vier Tage nach dem Urteilsspruch fuhr ihn der Gefängnischef, ein Oberstleutnant des Ministeriums für Staatssicherheit, persönlich an die Grenze und übergab ihn den Austausch-Anwälten Wolfgang Vogel (Ost) und Jürgen Stange (West). Sowohl der Internationale Pen-Club als auch namhafte DDR-Autoren hatten durch stille Intervention erreicht, daß eine seit wenigstens fünf Jahren ins gesellschaftliche Abseits gedrängte Existenz nicht tatsächlich tödlich endete. Schöne beschreibt für den SPIEGEL Verfolgung und Verhöre durch den Staatssicherheitsdienst, seine Verurteilung und Abschiebung aus der DDR (Seite 43)."
"120","0.755018949508667","Briefe","1954-03-30","1954","14","","","","https://www.spiegel.de/politik/schaechten-a-dfa7cf85-0002-0001-0000-000028955694?context=issue","","1953-1957","(Nr. 12/1954, Deutschland) ... So naheliegend es erscheinen mag, dem geplanten Schächtverbot in Deutschland antisemitische Motive zu unterstellen, so wenig ehrenvoll ist es ... Sie haben in ihrer dank...","1057","(Nr. 12/1954, Deutschland) ... So naheliegend es erscheinen mag, dem geplanten Schächtverbot in Deutschland antisemitische Motive zu unterstellen, so wenig ehrenvoll ist es ... Sie haben in ihrer dankenswerten Aufklärung über das Schächten durch den Artikel »Tierschutz - Mit Ketten gefesselt« sehr richtig darauf hingewiesen, daß dieser Brauch aus klimatischen Notwendigkeiten entsprungen ist ... Nun leben aber die Diaspora-Juden ihren eigenen Worten zufolge in jeweiligen Gastländern. Die Frage käme damit eigentlich darauf hinaus, wie man sich höflicherweise Gastgebern gegenüber verhält, ob man deren Gesetze, Gefühlsleben und dergleichen mehr achtet oder darüber hinweggeht ... Vergessen wir bei alledem nicht, daß die Bibel kein Herz für das Tier hat ... Diese »Wesenslosigkeit« des Tieres ist auch ins Christentum übergegangen. Aber der Mensch entwickelt sich weiter - göttlichem Ratschluß gemäß. Auch die vorliegende Frage ist in ihm erwacht und kann nicht »ohne Schaden an unserer Seele« rückgängig gemacht werden. Berlin Dr. med. W. M. Kranefeldt"
"121","0.754282534122467","Carstens: »Ich habe so dunkle Erinnerungen«","1978-11-12","1978","46","","","","https://www.spiegel.de/politik/carstens-ich-habe-so-dunkle-erinnerungen-a-fa00c967-0002-0001-0000-000040606982?context=issue","","1978-1979","Nun wittert er die Chance, seinen Widersacher endgültig kaltstellen zu können. Mit Bedacht unterließ der Parteichef bisher jede Andeutung, daß Carstens tatsächlich der Präsidentschafts-Anwärter der CD...","1994","Nun wittert er die Chance, seinen Widersacher endgültig kaltstellen zu können. Mit Bedacht unterließ der Parteichef bisher jede Andeutung, daß Carstens tatsächlich der Präsidentschafts-Anwärter der CDU sei. Stets spricht Kohl nur davon, daß die Union »einen eigenen Kandidaten« aufstellen werde. Unerwartete Schützenhilfe erhielt er letzte Woche vom Hamburger »Deutschen Allgemeinen Sonntagsblatt«. Als die Wochenzeitung einen Hinweis auf die NSDAP-Mitgliedschaft von Carstens brachte, ging die CDU-Führung auf Alarmstation. Intern malten Spitzenpolitiker der Opposition ein düsteres Szenario aus: Der Christen-Union drohten geharnischte Angriffe aus dem In- und Ausland, wenn sie im nächsten Jahr gegen die Aufhebung der Verjährungsfrist für Mord stimme und zugleich einen NSDAP-Mann für das höchste Staatsamt präsentiere. Die SPD werde es sich dann nicht entgehen lassen, an andere belastete CDU-Größen der Vergangenheit wie Heinrich Lübke, Hans Globke, Kurt Georg Kiesinger oder Hans Filbinger zu erinnern. Ein Teilnehmer der Krisenrunde: »Wir wissen ganz genau, dann heißt es, alles durfte Carstens werden, aber Bundespräsident, der Vertreter des ganzen deutschen Volkes, nicht.« Carstens freilich gibt noch nicht auf. Gewitzt durch die Erfahrungen mit der Enthüllungskleckerei im Fall Filbinger, rieten ihm seine Mitarbeiter, alles über seine Vergangenheit offenzulegen. Doch wieder einmal hapert es mit Aktenlage und Erinnerungsvermögen. Einstweilen ist Carstens bei seinen Expeditionen in die dreißiger und vierziger Jahre nur auf entlastendes Material gestoßen -- so etwa auf ein Spruchkammerurteil vom 3. Juni 1948. Die Kammer hielt ihm zugute, 1937 »auf Druck seiner vorgesetzten Dienststelle« einen Aufnahmeantrag in die NSDAP zwar gestellt, erforderliche Unterlagen aber »absichtlich« verspätet eingereicht zu haben, so daß sein Gesuch am 12. Mai 1939 abgelehnt worden sei. Bei Aufhebung der Mitgliedersperre Anfang 1940 sei Carstens dann doch in die Nazi-Partei aufgenommen worden."
"122","0.7542705535888672","»Am liebsten lüge ich gedruckt«","1979-04-01","1979","14","","","","https://www.spiegel.de/kultur/am-liebsten-luege-ich-gedruckt-a-1809cf78-0002-0001-0000-000040351567?context=issue","","1978-1979","Wir haben das getan, was sich eigentlich in der Tradition der Gruppe 47 verstehen läßt: Wir haben über Literatur gesprochen, und zwar am konkreten Text, indem wir vorgelesen haben aus entstehenden Arb...","1196","Wir haben das getan, was sich eigentlich in der Tradition der Gruppe 47 verstehen läßt: Wir haben über Literatur gesprochen, und zwar am konkreten Text, indem wir vorgelesen haben aus entstehenden Arbeiten. Ich bin überzeugt, daß besonders bei einer Vielzahl der Veranstaltungen in Privatwohnungen der Staat sein Ohr offen hatte. Es gibt von Kunert ein Gedicht, in dem er seinen Wohnort, die DDR, als ein »lauschiges« Land bezeichnet. Lauschig, dieses gemütvolle Wort im Deutschen: ein lauschiges Plätzchen am Waldesrand -- jetzt aber auf den Lauschangriff, das neue deutsche Wort bezogen, die irgendwo versteckte Wanze, die mithört. Davon kann man ausgehen, daß das mitgehört worden ist, und diejenigen, die mitgehört und das womöglich in mühseliger Arbeit aufgeschrieben haben, können -- wenn sie nur wollen aus diesen Gesprächen von Schriftstellern des Westens und des Ostens eine Menge über Literatur erfahren. Nur fürchte ich, daß die Ignoranz auf staatlicher Seite so groß ist, daß sie diese gratis erteilte Lektion nicht wahrhaben wollen. Aber der Hinweis sei immerhin gestattet, daß unter Umständen diese Wanzen für diejenigen, die sie gepflanzt haben, so etwas wie Schulfunk sein könnte."
"123","0.7541770339012146","Briefe","1978-07-23","1978","30","","","","https://www.spiegel.de/politik/aussicht-auf-buergschaft-bob-dylan-im-dreck-a-224514b0-0002-0001-0000-000040694060?context=issue","","1978-1979","(Nr. 2411978, Unternehmen) Ihr Zitat »nennen Sie mir eine Textilfirma, die noch keine Landesbürgschaft erhalten hat«, ist leider unzutreffend. Es hat zu Recht zu großer Verärgerung in der deutschen Te...","1160","(Nr. 2411978, Unternehmen) Ihr Zitat »nennen Sie mir eine Textilfirma, die noch keine Landesbürgschaft erhalten hat«, ist leider unzutreffend. Es hat zu Recht zu großer Verärgerung in der deutschen Textilindustrie geführt. Ich habe lediglich darauf hingewiesen, daß in der Vergangenheit einem anderen Großtextilunternehmen in einem weit größeren Maße als durch eine Landesbürgschaft Staatshilfe gegeben worden sei. Dort habe man sogar auf die Zahlung von Zinsen verzichtet (Glöggler-Gruppe). Das lasse mich hoffen, daß der Antrag der van-Delden-Gruppe auf Leistung einer Landesbürgschaft positiv beschieden werde. Gronau (Nrdrh.-Westf.) GERRIT VAN DELDEN JUN. Bob Dylan im Dreck (Nr. 25/1978, Popmusik: Bob Dylan erstmals in Deutschland) Muß man, nur weil Bob Dylan seine Aussagekraft verloren hat und in die all-amerikanische Dekadenz abgedriftet ist, auch seine frühen Werke durch den Dreck ziehen, sie als »verstaubte Beatnik-Poesie, klippschulmäßigen Surrealismus und Kitsch mit bombastischer Rhetorik« abtun? Aich (Bad.-Württ.) KAI RENKE Hey, Deutsches Nachrichtenmagazin, wer mit tough shit schmeißt, kommt darin um. Viersen (Nrdrh.-Westf.) HARALD KRÜGER"
"124","0.7539892792701721","Briefe","1954-12-21","1954","52","","","","https://www.spiegel.de/politik/soeldner-a-9eeaf768-0002-0001-0000-000028958119?context=issue","","1953-1957","(Nr. 51/1954, Deutschland) Zu dem vorzüglichen Artikel »Wehrwille - Bürger in Uniform«, der ein so getreues Spiegelbild des bundesrepublikanischen, geistigen Dilemmas ist, eine kleine Ergänzung: Die S...","1429","(Nr. 51/1954, Deutschland) Zu dem vorzüglichen Artikel »Wehrwille - Bürger in Uniform«, der ein so getreues Spiegelbild des bundesrepublikanischen, geistigen Dilemmas ist, eine kleine Ergänzung: Die Schaffung einer hoch technisierten, weitestgehend gepanzerten und mit der Masse aus längerdienenden Freiwilligen gebildeten westdeutschen Armee spielte 1951/52 eine wesentliche Rolle in den Überlegungen westdeutscher und angelsächsischer Militärs. Eine solche Truppe, die durchaus nicht die negativen Eigenschaften einer Söldnerarmee zu haben brauchte, wäre ein im Ernstfall durchaus brauchbares Mittel zur offensiven Verteidigung des westdeutschen Raumes. In dieser Richtung dachte auch Kurt Schumacher, als er davon sprach, daß der Krieg »erst an der Weichsel beginnen« dürfe! Bei den Verhandlungen um die EVG in Paris waren es die Franzosen, die verlangten, daß die Bewaffnung der Bundesrepublik von Anfang an - wenn überhaupt - nur im Rahmen der allgemeinen Wehrpflicht erfolgen dürfe ... Göttingen Adolf von Thadden Bei aller Unrealistik, die Sie dem Wehrreformer Baudissin mit Recht ankreiden, findet sich doch hin und wieder bei diesem ideologischen Träumer auch eine sehr realistische Einsicht. So sagt er z. B. auf Seite 7 seines Buches »Staatsbürgerliche Bildung und Erziehung zur politischen Verantwortung in der Truppe"": »Der Soldat soll kämpfen, das Sterben ist ein Teil davon.« - Bitte schön. Memmingen Thomas Burger"
"125","0.7537736296653748","Garnisonen","1953-06-09","1953","24","","","","https://www.spiegel.de/politik/garnisonen-a-0bc0450c-0002-0001-0000-000025656842?context=issue","","1953-1957","Das Zentralsekretariat der SED hat Anweisung gegeben, an Stelle der Parteiinitialen in Zukunft den Parteinamen »Sozialistische Einheitspartei Deutschlands« voll auszuschreiben, wobei das Wort »Deutsch...","983","Das Zentralsekretariat der SED hat Anweisung gegeben, an Stelle der Parteiinitialen in Zukunft den Parteinamen »Sozialistische Einheitspartei Deutschlands« voll auszuschreiben, wobei das Wort »Deutschland« bei der Blickwerbung besonders herauszustellen ist. Volkspolizei- und FDJ-Kapellen sollen bei Platzkonzerten altüberlieferte Märsche und nationale Kampfweisen bevorzugen. Kriegerdenkmäler können in einen würdigen, der Umgebung angemessenen Zustand zurückversetzt werden, »wenn diese Maßnahme von Einfluß auf die Bevölkerung ist«. Die 1945 »in falscher Auslegung sozialistischer Geschichtsbetrachtung« umbenannten Scharnhorst-, Lützow-, Körner-, Yorck- und Gneisenau-Straßen sollen zwar nicht wieder den alten Namen erhalten, »doch sind diese Namen bei Straßenzügen, die im Zuge des nationalen Aufbauwerkes geschaffen werden, zu verwenden, soweit die lokale Bevölkerungsstruktur Verständnis für die Maßnahmen verbürgt, was besonders in alten Garnisonstädten der Fall sein wird.«"
"126","0.7532176375389099","Briefe","1976-05-23","1976","22","","","","https://www.spiegel.de/politik/tote-hohenzollern-metropole-a-5eab4932-0002-0001-0000-000041213385?context=issue","","1973-1977","(Nr. 18/1976, Nationalstiftung) Eine Nationalstiftung heute nach Berlin zu verlegen wäre politisch vom gesamtdeutschen Standpunkt aus gesehen ebenso unsinnig wie von internationalverkehrsgünstigen Bed...","1160","(Nr. 18/1976, Nationalstiftung) Eine Nationalstiftung heute nach Berlin zu verlegen wäre politisch vom gesamtdeutschen Standpunkt aus gesehen ebenso unsinnig wie von internationalverkehrsgünstigen Bedingungen. Auch ist Berlin heute als tote Hohenzollern-Metropole nicht der Anziehungspunkt für andere deutschsprachige Gebiete. Österreich, Schweiz, Liechtenstein tendieren mehr nach Bayern. Auch der Prager Autorenkreis hat nur sporadisch nach Berlin tendiert! Den am Rand der Donaumonarchie geborenen Autoren deutscher Zunge war Berlin fremd! Ich glaube, daß München viel eher geeignet ist, eine einheitliche Nationalstiftung zu schaffen, die in dem gerade freiwerdenden Villen-Schlößchen des Dresdner Bankierssohns und Schriftstellers Carl Sternheim in München-Höllriegelskreuth untergebracht werden könnte. Um Berlin nicht ganz zu übergehen, kann man ja eine Expositur in Berlin schaffen, die sich um bildende Kunst und Architektur (Bauhaus!) zu sorgen hätte. Jedenfalls sollte man überflüssigem Ärger mit dem Osten und den Alliierten aus dem Wege gehen. Eine Nationalstiftung soll einigen, nicht Trümmer schaffen. Fürstenfeldbruck (Bayern) DR. JUR. LEO BROD"
"127","0.7531195282936096","Briefe","1956-02-28","1956","9","","","","https://www.spiegel.de/politik/edmund-forschbach-a-fd4523a8-0002-0001-0000-000031587542?context=issue","","1953-1957","(Nr. 8/1956. Briefe) Leser Sauer häuft zu den,Vorwürfen gegen Forschbach den, daß er die Aktiven seines Bundes zum Eintritt in den NS-Studentenbund aufgefordert habe. Um der Gerechtigkeit willen sollt...","555","(Nr. 8/1956. Briefe) Leser Sauer häuft zu den,Vorwürfen gegen Forschbach den, daß er die Aktiven seines Bundes zum Eintritt in den NS-Studentenbund aufgefordert habe. Um der Gerechtigkeit willen sollte aber nicht verschwiegen werden, daß andere studentische -Verbindungen ähnlich handelten, und zwar durchaus nicht immer aus purer Liebe zum Nationalsozialismus, am allerwenigsten zum vielgehaßten NSDStB, sondern weil man hoffte, dadurch die drohende Liquidierung des gesamten studentischen Korporationswesens abwenden zu können. Heidelberg DR. KARL SAUER"
"128","0.7528923153877258","Der allein mögliche Stil","1956-01-31","1956","5","","['Affären']","","https://www.spiegel.de/politik/der-allein-moegliche-stil-a-1db6fae5-0002-0001-0000-000031587311?context=issue","","1953-1957","Schon spürt man das christliche Element. Es geht weiter im »allein möglichen« Stil: »Ein halbes Menschenalter hat das deutsche Volk geduldig jede Demütigung und jeden Frevel ertragen ... »Nun, nachdem...","1485","Schon spürt man das christliche Element. Es geht weiter im »allein möglichen« Stil: »Ein halbes Menschenalter hat das deutsche Volk geduldig jede Demütigung und jeden Frevel ertragen ... »Nun, nachdem endlich der nationalsozialistischen Revolution die Einigung der Nation gelang, hat der Führer das deutsche Volk aufgerufen, einen Tag nach dem fünfzehnten Jahrestage der Waffenstrekkung vor der ganzen Welt, die im Rüstungswahnsinn taumelt, einmütig zu bekennen, daß wir nichts anderes fordern als Frieden, Freiheit und Gleichberechtigung. »Schon oft erlebte es die Welt, daß die regierenden Männer in Deutschland, wenn die gegnerischen Mächte uns die Annahme unwürdiger und unerfüllbarer Verträge zumuteten, dagegen aufs lauteste protestierten und erklärten, niemand werde in Deutschland bereit sein, solche Diktate zu unterzeichnen. Die Ernsthaftigkeit des deutschen Widerstandswillens wurde deswegen bei den anderen meist bezweifelt. »Am 12. November muß es sich zeigen, daß nicht nur der Führer und die Männer, die um ihn stehen, entschlossen sind, bis zum letzten für Deutschlands Ehre und den Frieden der Welt zu kämpfen, sondern daß das ganze deutsche Volk die Friedenspolitik der Regierung Adolf Hitlers unterstützt. »Der Welt muß gezeigt werden, daß die nationale Freiheitsbewegung, die ihren ersten außenpolitischen Einsatz im Kampf gegen den Young-Plan durch Volksbegehren und Volksentscheid vor vier Jahren wagte, heute das deutsche Volk in seiner Gesamtheit ergriffen hat."
"129","0.7527359127998352","Briefe","1953-12-08","1953","50","","","","https://www.spiegel.de/politik/uniformen-a-70da58c0-0002-0001-0000-000025658114?context=issue","","1953-1957","(Nr. 47/1953, Briefe) Ich freue mich über das Interesse, das SPIEGEL-Leser Anton Ulrich an meiner Person nimmt und bedanke mich für das eingesandte Photo. Daß er sich mir nicht anläßlich der Tagung de...","1197","(Nr. 47/1953, Briefe) Ich freue mich über das Interesse, das SPIEGEL-Leser Anton Ulrich an meiner Person nimmt und bedanke mich für das eingesandte Photo. Daß er sich mir nicht anläßlich der Tagung der »Faschistischen Internationale« in Holzminden persönlich vorstellte, bedauere ich aufs tiefste. Zur Vervollständigung seiner tiefgründigen Beobachtungen stelle ich fest, daß es sich bei der erwähnten Holzmindener Veranstaltung um eine öffentliche Kundgebung der »Deutschen Sozialen Bewegung«, der ich nicht angehöre, gehandelt hat. Meine auf dem Bild gezeigte »Uniform« ist die Kluft der Wiking-Jugend. Da die jungenhafte Unbekümmertheit des Schreibers auf sein noch nicht abgeschlossenes Adoleszenzstadium schließen läßt, wünsche ich ihm, daß der »Fetisch« der Europaarmee-Uniform ihm für möglichst lange Zeit die gleiche Freude bereiten möge, wie mir das Tragen meiner Kluft. Bückeburg Walter Matthaei Bundesführer der Wiking-Jugend ...Als neutraler Beobachter der Veranstaltung darf ich klarstellen: Zur Holzmindener Tagung der Europäischen Sozialen Bewegung erschien Herr Matthaei nicht als »Weltfaschist«, sondern als Störenfried, dem die Tür gewiesen werden mußte... Leverkusen Ullus Himpe"
"130","0.752623975276947","Sozusagen ausgeliefert","1978-06-04","1978","23","","['Presse']","","https://www.spiegel.de/politik/sozusagen-ausgeliefert-a-3628c706-0002-0001-0000-000040615784?context=issue","","1978-1979","Da schrieb er über die »bodenständigen Akzente« einer unabhängigen Lokalzeitung und wetterte gegen die »Medienspezialisten der SPD«, die eine »Einheitspresse« anstrebten. Denn schließlich sei es, mahn...","1433","Da schrieb er über die »bodenständigen Akzente« einer unabhängigen Lokalzeitung und wetterte gegen die »Medienspezialisten der SPD«, die eine »Einheitspresse« anstrebten. Denn schließlich sei es, mahnte der Monopolist, »noch gar nicht so lange her, daß wir die äußere Freiheit durch die Gleichschaltung der Presse verloren hatten«. Er muß es wissen: Seinem Schwiegervater, dem Sanitätsrat Ludwig Liebl, der zeitweilig dem NSDAP-Ortsverein vorstand und den NS-Reichsärztebund gegründet hatte, gehörte einst die »älteste nationalsozialistische Provinzzeitung Deutschlands« (laut »Handbuch der deutschen Tagespresse«, 1944), der »Donaubote« in Ingolstadt. 1935 übernahm das Parteiorgan nach massiver Pression auch das letzte freie Blatt am Ort, die liberale »Ingolstädter Zeitung«, deren Jahrhunderttradition heute der »Donau-Kurier« Reißmüllers für sich beansprucht. Reißmüller war von 1937 bis 1945 Verlagsleiter des NS-Blattes sowie Mitglied der Reichspressekammer. Salbungsvolle Worte liebte er offenbar damals nicht weniger als heute vor allem an Festtagen. Der »Donau-Kurier« zu Pfingsten 1978: »Wir stehen wieder mitten in einem Beiseiteschieben aller ethischen und moralischen Werte.« Diesen Befund unterschrieb Wilhelm Reißmüller mit seinem Namen. Der NS-»Donaubote« zu Weihnachten 1938: »Danken wir es dem Führer ... Er hat uns auch das Weihnachtsfest wiedergegeben.« Das unterzeichnete der Autor mit seinen Initialen: »W. R.«"
"131","0.7525468468666077","Des Teufels Großmutter","1953-08-18","1953","34","","['Ns-Literatur']","","https://www.spiegel.de/politik/des-teufels-grossmutter-a-0dea77dc-0002-0001-0000-000025657396?context=issue","","1953-1957","Frank hat sich in seinem Buch zu seiner Schuld bekannt, wenn auch in einer seltsamen Haß-Liebe und Haß-Treue zu Hitler: Obgleich er ihn zutiefst verdammt, hat es den Anschein, er sei auch 1946 noch - ...","1137","Frank hat sich in seinem Buch zu seiner Schuld bekannt, wenn auch in einer seltsamen Haß-Liebe und Haß-Treue zu Hitler: Obgleich er ihn zutiefst verdammt, hat es den Anschein, er sei auch 1946 noch - bewußt oder unbewußt - in seinem Banne und fühlte sich als Kampfgenosse. Das liest sich etwa so: »Mir bleibt als Mitkämpfer des Führers nur eines: nun, da er in entsetzlichstem Schuldbewußtsein sein Testament geschrieben hatte, beging er Selbstmord und floh vor der irdischen Gerechtigkeit. So trat ich in Nürnberg an seiner Statt vor die Richter und sagte, daß ich die Schuld bekenne ... Ich handelte dabei vor allem auch deshalb so, weil man nicht die Handlanger Hitlers bestrafen, seine Mitführer aber sich entschuldigen lassen kann ... »Als führender Nationalsozialist habe ich an Hitlers Stelle die Schuld klar übernommen und auch mein eigenes Verhalten, Reden, Wirken gegen mich selbst ausgedeutet. Ich weiß alles, was ich für mich hätte mit Recht geltend machen können. Aber es gibt eine Pflicht, die lautet: wer die Ehren eines Regimes teilte, hat auch die Schuld dieses Regimes zu teilen. Jedes weitere Wort dazu wäre von Übel.«"
"132","0.7524034976959229","Große Mission","1976-10-03","1976","41","","['Zeitgeschichte']","","https://www.spiegel.de/politik/grosse-mission-a-514314fe-0002-0001-0000-000041136654?context=issue","","1973-1977","Solche Rücksichtnahme allerdings verfiel »buchstäblich über Nacht« (Gehring) mit dem Einbruch des Kalten Krieges 1947. Und mit der politischen Wende und der Entscheidung der Amerikaner für die massenh...","680","Solche Rücksichtnahme allerdings verfiel »buchstäblich über Nacht« (Gehring) mit dem Einbruch des Kalten Krieges 1947. Und mit der politischen Wende und der Entscheidung der Amerikaner für die massenhafte Verbreitung antisowjetischer Bücher und Broschüren (laut Gehring über vier Millionen Exemplare) brach denn auch die ganze große Mission zusammen. Die Deutschen brauchten sich kaum mehr um Demokratie und amerikanische Kultur zu kümmern, sondern waren gehalten, als Verbündete von morgen »den Kampf gegen den Kommunismus zu unterstützen«. Das gutgemeinte, obzwar einfältig betriebene Bekehrungswerk, resümiert Gehring, »degenerierte am Ende unaufhaltsam zur reinen Propaganda«."
"133","0.7522798776626587","Hans-Jochen Vogel, Lauritz Lauritzen, Willy Brandt, Helmut Schmidt, Valéry Giscard d. Estaing, Claus-Hinrich Casdorff, Gunther Nenning, Alexander Ziegler, Heinz Hugo Hoffmann","1973-12-02","1973","49","","['Personalien']","","https://www.spiegel.de/politik/hans-jochen-vogel-lauritz-lauritzen-willy-brandt-helmut-schmidt-valery-giscard-d-estaing-claus-hinrich-casdorff-gunther-nenning-alexander-ziegler-heinz-hugo-hoffmann-a-a19e3a46-0002-0001-0000-000041840192?context=issue","","1973-1977","Sein Schwurgerichtsprozeß in Nürnberg, der am 15. Januar begonnen hatte, mußte »auf unbestimmte Dauer« ausgesetzt werden. Hoffmann war angeklagt, weil er 1942 als richterlicher Beisitzer des Sonderger...","746","Sein Schwurgerichtsprozeß in Nürnberg, der am 15. Januar begonnen hatte, mußte »auf unbestimmte Dauer« ausgesetzt werden. Hoffmann war angeklagt, weil er 1942 als richterlicher Beisitzer des Sondergerichts Nürnberg am Todesurteil gegen den jüdischen Kaufmann Leo Katzenberger wegen »Rassenschande« und Verstoß gegen die »Volksschädlings-Verordnung« mitgewirkt hatte. Mit einer Wiederherstellung der Verhandlungsfähigkeit Hoffmanns, des letzten ehemaligen Richters, der noch fürchten mußte, wegen seiner Tätigkeit unter Hitler verurteilt zu werden, ist nicht zu rechnen. Zu den von Gerichten der Bundesrepublik rechtskräftig wegen NS-Verbrechen verurteilten Personen (6329 bis zum 1. Januar 1972) wird nunmehr endgültig nie ein NS-Richter gehören."
"134","0.7522145509719849","Briefe","1978-11-12","1978","46","","","","https://www.spiegel.de/politik/hoffnung-auf-abschieben-impressum-a-e3fc400b-0002-0001-0000-000040606975?context=issue","","1978-1979","(Nr. 43/1978, Ausländer) Ausländer zu sein ist schon schlimm, aber dann noch straffällig? Das ist die Spitzer Entgegen dem Strafvollzugsgesetz sind wir dann auch im Vollzug Menschen zweiter Klasse. Ne...","875","(Nr. 43/1978, Ausländer) Ausländer zu sein ist schon schlimm, aber dann noch straffällig? Das ist die Spitzer Entgegen dem Strafvollzugsgesetz sind wir dann auch im Vollzug Menschen zweiter Klasse. Neben den Sprach- und Mentalitätsschwierigkeiten haben wir kein Recht auf Ausbildung oder auf Vollstreckungslockerungen (um soziale Bindungen aufrechterhalten zu können). Arbeiten und die Hoffnung, schnell abgeschoben zu werden, halten uns hier aufrecht. An einer Wiedereingliederung -- auch wenn die im Heimatland stattfindet -- ist keiner interessiert. Ein wahrlich humaner und sozialer Standpunkt. Hamburg FRANZ OSWALD Vertreter der Ausländer im Vorstand der Insassenvertretung, Anstalt II Einer Teilauflage dieser SPIEGEL-Ausgabe ist eine Postkarte des SPIEGEL-Verlages, Hamburg, beigeklebt. Die Redaktion des SPIEGEL behält sich vor, Leserbriefe gekürzt zu veröffentlichen"
"135","0.7520527839660645","Briefe","1977-07-17","1977","30","","","","https://www.spiegel.de/politik/baecker-beruf-nie-verleugnet-a-07869abc-0002-0001-0000-000040831520?context=issue","","1973-1977","(Nr. 271977, Schriftsteller: Der vor zehn Jahren im New Yorker Exil verstorbene Oskar Maria Graf steht vor einer Renaissance. Mehrere seiner Romane werden vom Fernsehen verfilmt) Oskar Maria Graf war ...","1170","(Nr. 271977, Schriftsteller: Der vor zehn Jahren im New Yorker Exil verstorbene Oskar Maria Graf steht vor einer Renaissance. Mehrere seiner Romane werden vom Fernsehen verfilmt) Oskar Maria Graf war seit seiner Jugend Anarchist, mit hoher humanistischer und pazifistischer Einstellung. Diese behielt er bis ans Lebensende. Der urwüchsige Bayer. der seinen Beruf als Bäcker nie verleugnet hat, hatte in späteren Jahren Kontakt zur Gewerkschaft seiner Berufskollegen, der Gewerkschaft Nahrung-Genuß-Gaststätten. Für sie wollte er 1967 in einer Versammlungstournee durch die Bundesrepublik auftreten. Auf dieser Reise wollte Graf testen, ob er wieder in seine alte Heimat zurückkehren will. Mitten in der Vorbereitung erreichte uns die Kunde von seinem Ableben. Ich bin nicht der Meinung, daß das schriftstellerische Schaffen von Oskar Maria Graf nach 1945 das Niveau seiner früheren Werke nicht erreicht. Der biographische Roman »Flucht ins Mittelmäßige« ist ein großartiger Roman und nur über eine kleine Auflage nicht hinausgegangen. Erst jetzt ist ein Neudruck erfolgt. Hamburg WILLY SPRENGER Geschäftsführender Hauptvorstand der Gewerkschaft Nahrung-Genuß-Gaststätten"
"136","0.7512884736061096","Briefe","1974-11-17","1974","47","","","","https://www.spiegel.de/politik/weder-mitglied-noch-chef-a-a2127b13-0002-0001-0000-000041651313?context=issue","","1973-1977","(Nr. 32/1974, Personalien: Nach einem Bericht des »Daily Express« beschäftigten sich die amerikanischen Einwanderungsbehörden mit Bischof Trifa, der im Verdacht stehe, nach Südamerika geflüchtete ehem...","1124","(Nr. 32/1974, Personalien: Nach einem Bericht des »Daily Express« beschäftigten sich die amerikanischen Einwanderungsbehörden mit Bischof Trifa, der im Verdacht stehe, nach Südamerika geflüchtete ehemalige Mitglieder der rumänischen »Eisernen Garde«, die als Kriegsverbrecher gesucht würden, ohne theologisches Studium als Priester ordiniert zu haben, und Chef einer neofaschistischen Untergrundorganisation zu sein.) Ich weiß zwar nicht, auf welche Quellen Sie sich stützen, jedenfalls aber sind Sie falschen Informationen aufgesessen. Ich habe weder Personen aus Südamerika noch Personen ohne ordnungsgemäßes theologisches Studium zu Priestern geweiht. Mir ist nicht bekannt, daß ehemalige Mitglieder der rumänischen Eisernen Garde als Kriegsverbrecher gesucht werden. Sie fielen vielmehr der Expansions- und Kriegspolitik des Dritten Reiches zum Opfer. Viele ihrer Führer verbrachten die Kriegszeit in Konzentrationslagern Buchenwald und Dachau. Im übrigen werde ich weder verdächtigt, Chef oder Mitglied einer neofaschistischen Organisation zu sein, noch bin ich in der Tat Chef oder Mitglied einer solchen Organisation."
"137","0.7509307265281677","»Das ging nicht ohne Widersprüche ab«","1975-04-13","1975","16","","","","https://www.spiegel.de/kultur/das-ging-nicht-ohne-widersprueche-ab-a-7f349022-0002-0001-0000-000041558923?context=issue","","1973-1977","Diese Konfrontation muß ich kategorisch ablehnen. SPIEGEL: Glauben Sie, daß auf Ihre Hamburger Ausstellung ähnliche Präsentationen von DDR-Künstlern in der Bundesrepublik folgen werden? SITTE: Ich hof...","960","Diese Konfrontation muß ich kategorisch ablehnen. SPIEGEL: Glauben Sie, daß auf Ihre Hamburger Ausstellung ähnliche Präsentationen von DDR-Künstlern in der Bundesrepublik folgen werden? SITTE: Ich hoffe, daß diese Ausstellung mit dazu beitragen möge, daß recht bald ein Kulturvertrag abgeschlossen wird. Bis zu einem solchen Vertrag ist diese Ausstellung eine Ausnahme, die sich kaum wiederholen läßt. SPIEGEL: Könnte umgekehrt eine entsprechende Ausstellung eines bundesdeutschen Künstlers in der DDR gezeigt werden? SITTE: Es sind Bemühungen um eine Ausstellung des realistischen Kunstschaffens in der Bundesrepublik im Gange. SPIEGEL: Muß es unbedingt realistisch sein? SITTE: Wissen Sie, wir möchten natürlich von einer solchen Ausstellung auch etwas profitieren. Ich wäre zum Beispiel nicht an einer Ausstellung von Beuys bei uns interessiert. Das wäre eine Information, die uns höchstens zeigen könnte: So denken wir uns unsere weitere Entwicklung nicht."
"138","0.7508317232131958","»Gefahren für mich«","1978-06-11","1978","24","","","","https://www.spiegel.de/politik/gefahren-fuer-mich-a-2c509a04-0002-0001-0000-000040615573?context=issue","","1978-1979","Lassen Sie mich deshalb vor diesem Hohen Hause nochmals feststellen: Ich war im Kriege zunächst drei Jahre Soldat und Schließlich Offizier. Als ich 1943 der Kommandierung zu einem Marinekriegsgericht ...","793","Lassen Sie mich deshalb vor diesem Hohen Hause nochmals feststellen: Ich war im Kriege zunächst drei Jahre Soldat und Schließlich Offizier. Als ich 1943 der Kommandierung zu einem Marinekriegsgericht nicht entgehen konnte, habe ich mich entschlossen, dieses Amt so zu führen, wie es meiner inneren Einstellung zum Recht und meiner Einstellung gegen das NS-Regime entsprach. Ich wollte überall dort helfen, wo irgendeine Aussicht auf Hilfe war und wo ich eine Möglichkeit zum Eingreifen hatte. So habe ich dann auch gehandelt. Das war meine Gewissensentscheidung. Ich habe Menschen das Leben gerettet, ich habe viele Soldaten vor harter Strafe bewahrt. Und wie das in jener Zeit gar nicht anders möglich war, hat das Gefahren heraufbeschworen für mich selbst, für Leib und Leben von mir selbst."
"139","0.7507635951042175","SPIEGEL-Interview mit einem Führer der baskischen Eta-Bewegung","1974-03-10","1974","11","","['""Francos Tod Hätte Wenig Sinn""']","","https://www.spiegel.de/politik/spiegel-interview-mit-einem-fuehrer-der-baskischen-eta-bewegung-a-99a80d0a-0002-0001-0000-000041739071?context=issue","","1973-1977","Was den Nationalismus angeht, so glauben wir, daß er tatsächlich bei Nationen, die in keiner Weise unterdrückt werden, völlig absurd ist. Wir hingegen, die wir nationalen Minderheiten angehören, werde...","738","Was den Nationalismus angeht, so glauben wir, daß er tatsächlich bei Nationen, die in keiner Weise unterdrückt werden, völlig absurd ist. Wir hingegen, die wir nationalen Minderheiten angehören, werden von den nationalen Mehrheiten zum bewaffneten Kampf gezwungen, selbst von sonst demokratischen Staaten wie Frankreich. SPIEGEL: Arbeiten Sie mit einer der nationalen Minderheiten besonders eng zusammen, zum Beispiel mit der Ira? ETA: Unsere Beziehungen zur Ira sind gut, sehr gut. SPIEGEL: Die Ira bekommt Waffen und Geld von Libyens Staatschef Gaddafi. Hilft Gaddafi auch der Eta? ETA: Es wäre für Gaddafi wohl etwas schwierig, uns zu unterstützen, denn alle arabischen Länder haben ausgezeichnete Beziehungen zur spanischen Regierung."
"140","0.7497152090072632","»Ein Angreifer, zu nackter Grausamkeit fähig«","1978-01-08","1978","2","","","","https://www.spiegel.de/kultur/ein-angreifer-zu-nackter-grausamkeit-faehig-a-badd3a8c-0002-0001-0000-000040693760?context=issue","","1978-1979","Die Männer und Frauen, die Hitler aus diesen Reihen rekrutierte, ersannen und begingen Greueltaten des Dritten Reiches, mit denen sie zugleich die übrige deutsche Bevölkerung in Schach hielten. Wären ...","551","Die Männer und Frauen, die Hitler aus diesen Reihen rekrutierte, ersannen und begingen Greueltaten des Dritten Reiches, mit denen sie zugleich die übrige deutsche Bevölkerung in Schach hielten. Wären nicht durch Deutschlands Niederlage 1918 so mißliche soziale Umstände eingetreten, wäre die NSDAP nie mehr geworden als ein seltsames Häufchen von Abweichlern, die sich in Münchner Bierkellern versammelten. Aber es waren nicht jene sozialen Mißstände, die Nazi-Deutschland hervorbrachten, sondern Männer wie Eichmann -- psychisch verbogen und grausam."
